100009
100054
100056
100209
100227
100283
100289
100304
100478
100627
100744
100797
100800
100908
100936
100947
101026
101087
101095
101208
101319
101353
101638
101684
101727
101771
101773
101805
101914
102019
102035
102088
102096
102113
102249
102372
102383
102413
102479
102517
102647
102667
102980
103191
103305
103428
103619
103630
103672
103910
103959
104252
104338
104548
104571
104633
104655
104777
104884
105120
105179
105404
105441
105519
105998
106102
106212
106405
106544
106546
106636
106690
106771
106870
107147
107233
107235
107297
107409
107464
107493
107510
107558
107650
107970
107999
108080
108082
108218
108239
108285
108311
108341
108726
108796
109004
109188
109215
109346
109764
109852
110034
110051
110148
110191
110296
110309
110411
110507
110632
110709
110726
110798
110812
110872
111177
111299
111476
111558
111622
111644
111679
111744
111780
111812
111871
111944
112261
112407
112458
112493
112827
113067
113147
113270
113284
113326
113357
113359
113613
113617
113817
113873
114012
114108
114184
114248
114373
114403
114550
114561
114613
114803
114831
114903
114911
115018
115056
115077
115225
115267
115340
115455
115696
115987
116251
116256
116289
116586
116614
116880
116901
116906
116951
116963
116999
117107
117195
117236
117278
117290
117328
117383
117566
117633
117659
117668
117681
117703
117843
118008
118106
118341
118384
118508
118683
118695
118931
119216
119542
119544
119628
119692
119740
119742
119772
119822
119873
119895
120082
120153
120153
120216
120220
120360
120389
120451
120484
120638
120771
120790
120805
120957
121042
121050
121303
121397
121485
121591
121811
121918
121929
121952
121974
121996
122014
122071
122081
122097
122172
122201
122264
122278
122290
122314
122382
122495
122591
122594
122608
122654
122720
122866
122911
122960
122967
122969
123075
123084
123137
123255
123308
123314
123324
123412
123521
123549
123650
123677
123714
123867
123985
123989
124026
124058
124139
124395
124505
124508
124562
124638
124780
124790
124998
125085
125188
125227
125471
125559
125734
125834
125963
126007
126034
126170
126341
126396
126440
126526
126554
126640
126708
126735
126932
127105
127197
127216
127315
127400
127645
127739
127824
127992
128023
128024
128096
128234
128332
128662
128700
128843
128914
128920
128929
129015
129103
129108
129513
129545
129673
129998
130048
130111
130163
130173
130179
130260
130357
130367
130543
130580
130595
130597
130786
130808
130921
130973
131002
131165
131201
131268
131288
131307
131315
131423
131537
131687
131708
131715
131770
131783
131960
132074
132131
132218
132289
132484
132497
132509
132561
132572
132711
132835
132853
132968
133048
133318
133374
133401
133448
133483
133552
133647
133728
133794
133831
133909
134119
134149
134258
134297
134347
134403
134554
134644
134715
134722
134767
134791
134833
134941
135121
135255
135334
135636
135650
135748
135873
136025
136095
136271
136301
136324
136499
136539
136598
136653
137039
137093
137259
137276
137458
137583
137613
137883
138169
138258
138276
138388
138422
138457
138643
138673
138703
138816
139234
139461
139492
139955
140126
140184
140240
140290
140301
140374
140473
140643
140682
140694
140716
140724
140765
140826
140849
140960
141088
141105
141156
141186
141202
141234
141260
141405
141514
141582
141606
141903
141961
142073
142100
142160
142220
142235
142338
142641
142690
142695
142788
142816
143059
143111
143147
143225
143659
143804
143972
144237
144288
144333
144366
144537
144664
144823
144980
144985
145026
145105
145142
145169
145307
145477
145543
145553
145553
145810
145811
146183
146186
146190
146237
146242
146251
146441
146498
146517
146555
146656
146769
146918
146925
146959
147129
147204
147227
147439
147466
147527
147620
147669
147674
147784
147811
147822
147847
147945
147945
147955
147993
148350
148609
148834
148852
148907
148955
148957
149028
149049
149081
149335
149365
149385
149619
149655
149808
149815
149900
149978
150110
150132
150229
150262
150273
150312
150346
150362
150464
150476
150522
150601
150624
150705
150725
150771
150837
150918
150930
150933
150970
150991
151595
151860
151905
151913
151915
152005
152070
152152
152230
152539
152668
152751
152759
152819
152853
152975
153126
153200
153241
153500
153577
153736
153784
153784
153867
153901
153931
153981
154191
154303
154335
154395
154403
154440
154581
154625
154648
154679
154746
154810
155107
155231
155232
155392
155463
155470
155528
155564
155572
155580
155581
155636
155646
155758
155846
156153
156572
156916
156929
156984
157042
157063
157143
157276
157537
157584
157691
157766
157774
157780
157885
157989
158095
158256
158463
158472
158475
158810
158822
159143
159288
159351
159375
159390
159422
159455
159542
159607
159783
159864
160095
160386
160426
160435
160480
160510
160576
160722
160844
160942
160964
161003
161009
161162
161221
161235
161258
161321
161375
161582
161674
161698
161809
162049
162179
162288
162350
162424
162452
162467
162511
162611
162689
162708
162741
162810
163077
163091
163098
163108
163135
163231
163351
163412
163447
163884
163893
163912
163965
164023
164119
164144
164169
164298
164332
164335
164364
164375
164434
164544
164632
164745
164838
164859
164869
164884
164898
164928
165132
165148
165182
165187
165234
165335
165391
165579
165696
165792
165805
165923
165970
166052
166074
166146
166217
166337
166363
166513
166646
166730
166740
166753
167007
167015
167387
167400
167497
167541
167547
167628
167630
167640
167774
167813
167979
168065
168074
168234
168277
168433
168486
168586
168590
168609
168699
168727
168906
168917
169011
169061
169118
169196
169308
169385
169696
169787
169804
169889
170020
170092
170125
170183
170211
170422
170456
170466
170826
170951
171025
171220
171288
171473
171556
171557
171633
171684
171702
171734
171743
171751
171881
171908
172020
172184
172194
172433
172542
172629
172639
172668
172700
172721
172762
172782
172891
172922
172981
172991
173162
173214
173294
173330
173333
173409
173496
173607
173685
173790
174011
174028
174059
174106
174158
174190
174240
174275
174280
174314
174321
174364
174400
174561
174604
174612
174623
175117
175211
175347
175405
175519
175562
175756
176164
176200
176296
176303
176422
176592
176669
176670
176695
176730
176897
176923
176974
177050
177079
177217
177284
177410
177428
177462
177475
177566
177680
177837
177866
177925
178051
178081
178188
178196
178209
178232
178280
178282
178463
178502
178604
178620
178623
178906
178969
179086
179113
179127
179129
179305
179483
179510
179593
179750
180051
180061
180115
180118
180206
180251
180302
180318
180346
180379
180399
180505
180549
180582
180789
181031
181106
181114
181136
181143
181200
181334
181456
181609
181611
181666
181696
181737
181752
181800
181899
182029
182329
182385
182467
182612
182747
182811
182846
182898
182905
183054
183104
183274
183288
183442
183512
183855
183897
183954
184025
184115
184125
184221
184378
184418
184486
184495
184718
184830
185014
185059
185077
185119
185186
185233
185311
185376
185399
185440
185518
185529
185870
185974
186207
186237
186278
186300
186389
186439
186641
186642
186677
186808
186999
187088
187097
187101
187136
187162
187176
187208
187287
187345
187416
187463
187523
187548
187563
187608
187760
187769
187914
188018
188055
188065
188066
188084
188090
188143
188337
188355
188357
188508
188704
188909
189231
189256
189283
189287
189300
189315
189420
189577
189644
189678
189738
190028
190054
190055
190159
190196
190254
190378
190402
190427
190548
190588
190632
190766
190791
190860
190888
190890
190998
191114
191170
191227
191396
191512
191582
191588
191597
191776
191798
191867
192025
192041
192074
192236
192376
192402
192548
192710
192721
193006
193048
193301
193408
193443
193738
194096
194155
194183
194263
194264
194333
194598
194722
194906
194962
195065
195184
195201
195258
195279
195338
195436
195508
195571
195627
195666
195696
195907
195958
196155
196374
196535
196701
196776
196781
196783
196867
196891
196928
197108
197210
197499
197530
197548
197562
197596
197599
197613
197639
197690
197705
197884
197907
197937
197963
197980
198013
198125
198228
198313
198378
198453
198743
198854
198979
199040
199341
199392
199758
199962
200081
200290
200315
200459
200539
200550
200554
200626
200650
200759
200767
200785
200786
200796
200882
201005
201037
201077
201154
201162
201293
201588
201630
201687
201711
201939
202035
202236
202402
202435
202464
202571
202969
203016
203060
203122
203256
203292
203427
203435
203491
203508
203706
203967
204251
204376
204473
204517
204934
205398
205421
205490
205494
205541
205736
205982
206000
206004
206170
206283
206369
206701
206751
206780
206838
206926
206942
206965
207030
207094
207203
207243
207250
207346
207407
207496
207506
207535
207561
207590
207604
207703
207782
207811
207966
207978
208042
208122
208143
208204
208274
208283
208448
208477
208671
208841
208930
208986
209019
209043
209057
209297
209327
209479
209661
209695
209722
209983
210146
210174
210248
210432
210484
210545
210789
210821
210879
211061
211096
211137
211351
211364
211366
211407
211450
211618
211693
211757
212278
212447
212507
212507
212583
212627
213183
213271
213405
213591
213721
213755
213850
213893
213911
213979
214595
214681
214685
214751
214881
215110
215296
215383
215385
215731
215958
215963
215981
216019
216191
216191
216201
216216
216227
216311
216380
216422
216518
216553
216607
216708
216824
217011
217226
217334
217365
217603
217629
217727
217851
218055
218437
218456
218680
218728
218916
218964
219094
219135
219497
219668
219689
219856
219952
219992
220135
220177
220325
220352
220405
220458
220519
220587
220750
221025
221065
221068
221079
221218
221286
221317
221502
221538
221609
221634
221801
221842
221987
222011
222112
222211
222271
222327
222346
222375
222652
222684
222735
222947
223029
223206
223337
223373
223418
223546
223606
223620
223710
223788
223859
223874
223878
223912
224189
224192
224205
224211
224432
224595
224615
224700
224871
224882
224906
224932
224977
225012
225015
225121
225158
225161
225208
225262
225523
225595
225616
225649
225679
225749
225768
225833
225926
226046
226072
226082
226095
226158
226197
226324
226325
226341
226540
226562
226731
226936
226968
227057
227168
227184
227266
227285
227316
227320
227347
227391
227467
227585
227610
227636
227799
227858
228044
228095
228216
228216
228220
228259
228325
228417
228474
228546
228558
228584
228616
228625
228733
228782
228783
228979
229030
229044
229126
229162
229181
229186
229196
229214
229268
229334
229341
229490
229584
229704
229891
229930
230148
230159
230170
230203
230210
230252
230291
230376
230402
230449
230508
230517
230557
230598
230636
230691
230746
230767
230989
231063
231127
231256
231268
231326
231444
231469
231500
231540
231710
231946
232159
232187
232431
232594
232613
232614
232615
232629
232692
232734
232768
232930
233141
233187
233407
233559
233694
233742
233942
234046
234254
234298
234324
234357
234986
235337
235345
235553
235590
235609
235700
235842
235862
235888
235942
236002
236120
236133
236183
236243
236501
236521
236610
236615
236833
237241
237345
237456
237470
237683
237693
237707
237979
238099
238179
238360
238401
238508
238555
238629
238633
238633
238651
238685
238809
238919
238928
239017
239151
239201
239250
239296
239372
239394
239431
239488
239536
239586
239620
239651
239746
239791
239897
240005
240037
240062
240171
240179
240276
240336
240336
240370
240644
240714
240939
241322
241338
241586
241604
241835
241902
241956
242213
242247
242382
242386
242595
242638
242682
242732
243150
243248
243329
243342
243355
243429
243452
243632
243845
243938
243959
243998
244011
244089
244230
244445
244596
244639
244717
244860
244910
244945
245151
245185
245236
245245
245280
245423
245429
245608
245681
245725
245735
245815
245937
246133
246224
246240
246285
246380
246453
246577
246621
246629
246693
246951
246964
246981
247016
247077
247208
247228
247328
247424
247439
247450
247596
247673
247680
247773
247774
247774
248214
248435
248521
248562
248575
248591
248605
248695
248740
248757
248836
248936
248956
249124
249155
249225
249387
249536
249576
249619
249726
249816
249821
249834
249856
249954
250154
250190
250200
250449
250614
250688
250750
250792
250794
250814
250875
251032
251066
251074
251263
251427
251716
251755
251820
251820
251931
252020
252027
252100
252260
252298
252458
252496
252507
252534
252740
252993
253004
253229
253271
253277
253365
253376
253584
253701
253842
254059
254095
254122
254181
254194
254281
254411
254473
254505
254597
254689
254689
254809
254981
255120
255133
255167
255187
255201
255229
255424
255452
255648
256058
256221
256363
256490
256497
256524
256610
256795
256861
257128
257454
257485
257608
257694
257732
257758
257799
258239
258252
258304
258398
258470
258565
258688
258807
258835
259028
259144
259197
259339
259400
259437
259480
259770
260131
260184
260219
260337
260344
260380
260406
260495
260606
260608
260744
260779
260787
260906
260908
260952
261067
261227
261230
261512
261606
261611
261628
261684
261738
261822
261919
262238
262305
262580
262665
262883
262928
263335
263452
263552
263672
263764
263796
263893
263894
263984
264024
264128
264136
264259
264270
264376
264405
264448
264455
264470
264580
264582
264717
264768
264807
265164
265268
265336
265662
265715
265797
265898
265943
265950
265950
265971
266119
266157
266351
266393
266471
266836
266859
266955
267013
267100
267277
267529
267833
267835
267873
268007
268077
268199
268209
268261
268376
268586
268600
268661
268799
268830
268864
269028
269114
269161
269187
269212
269263
269523
269758
269847
269861
269894
269905
270029
270121
270264
270408
270529
270583
270715
270718
270779
270880
270883
271009
271074
271102
271377
271486
271573
271612
271658
271701
271815
271817
271832
271922
271981
272038
272101
272375
272518
272608
272628
272717
272861
273113
273136
273538
273686
273904
273940
274058
274098
274173
274308
274435
274536
274605
274622
274782
274891
275136
275159
275306
275483
275551
275654
275814
275889
276003
276040
276326
276352
276484
276575
276581
276920
276921
276955
276960
276968
277086
277097
277157
277316
277387
277524
277537
277559
277577
277581
277609
277698
277894
277991
278054
278175
278245
278427
278437
278551
278684
278718
278897
278952
279326
279358
279426
279475
279603
279618
280019
280275
280362
280502
280664
280758
281145
281258
281287
281312
281382
281382
281402
281516
281572
281622
281632
281929
282148
282238
282392
282469
282630
282655
282897
282903
282984
283013
283043
283207
283275
283304
283441
283466
283494
283542
283791
283858
283923
283947
283960
284041
284235
284317
284339
284346
284357
284539
284546
284637
284646
284653
284857
284862
285041
285049
285084
285118
285193
285275
285374
285397
285411
285535
285541
285601
285925
285981
286014
286173
286209
286298
286324
286403
286588
286651
286682
286789
286899
286901
287111
287112
287112
287282
287292
287306
287367
287696
288012
288059
288132
288295
288313
288482
288697
288741
288985
289027
289092
289100
289106
289113
289188
289250
289547
289551
289555
289684
289734
289847
289898
289934
290020
290094
290140
290167
290196
290365
290415
290432
290561
290670
290797
290943
291089
291090
291245
291423
291515
291629
291901
291982
291992
292085
292095
292195
292215
292513
292594
292707
292862
292884
293154
293217
293225
293396
293433
293493
293601
293671
293681
293727
293772
293788
293857
293871
293891
293891
294169
294237
294266
294520
294691
294727
294816
294916
294939
294948
295091
295273
295295
295347
295412
295463
295521
295552
295683
295801
295824
295848
295852
295957
296065
296141
296228
296290
296326
296357
296389
296412
296526
296590
297224
297225
297374
297405
297486
297496
297581
297610
297673
297696
297808
297815
297866
297998
298274
298360
298454
298489
298508
298520
298573
298696
298734
298892
298996
299060
299081
299107
299149
299239
299256
299297
299367
299517
299633
299665
299756
299891
299966
299984
300101
300182
300474
300511
300585
300603
300624
300894
300933
300940
300967
301039
301217
301232
301235
301244
301436
301479
301496
301542
301795
302176
302413
302622
302849
303031
303065
303290
303521
303564
303578
303609
303736
303924
303930
304024
304054
304162
304196
304208
304349
304429
304523
304536
304568
304920
304947
305018
305031
305100
305145
305198
305259
305534
305615
305653
305654
305699
305809
305812
305877
305901
305957
305999
306239
306256
306304
306511
306525
306663
306834
306932
307036
307040
307074
307105
307253
307316
307348
307411
307427
307744
307840
308058
308238
308303
308483
308660
309287
309444
309476
309478
309656
309828
309913
310093
310160
310232
310257
310517
310591
310697
310953
311002
311108
311143
311235
311258
311322
311488
311840
311976
312150
312268
312291
312436
312450
312514
312534
312623
312677
312792
312878
312899
312900
313075
313260
313436
313596
313666
313670
313745
313911
313971
314082
314279
314282
314309
314328
314441
314488
314685
314699
314910
315034
315107
315200
315261
315495
315498
315499
315635
316087
316179
316228
316321
316384
316578
316632
316665
316673
316704
316726
316799
316823
316824
316834
316904
316969
317516
317539
317692
317789
317918
317926
317944
317999
318018
318095
318147
318327
318342
318403
318551
318596
318686
318710
318731
318876
318978
319223
319285
319360
319411
319597
319654
319708
319843
320064
320170
320523
320541
320553
320714
320720
320861
321005
321151
321180
321252
321270
321293
321442
321467
321721
321730
321925
322197
322239
322381
322449
322548
322566
322571
322698
322773
322854
322905
322925
322985
322998
323361
323407
323441
323463
323475
323557
323690
323839
323901
323996
324216
324258
324325
324628
324659
324879
325169
325177
325398
325405
325537
325678
325795
325852
326170
326179
326464
326806
326826
327119
327268
327273
327282
327312
327329
327473
327529
327543
327694
327933
328021
328095
328208
328227
328283
328539
328550
329042
329203
329315
329372
329434
329645
329730
329746
329750
329750
329792
329859
330046
330094
330126
330130
330285
330339
330347
330371
330401
330473
330482
330636
330655
330727
331169
331315
331520
331536
331570
331624
331783
331821
331857
331877
331963
331971
332061
332212
332220
332324
332673
332739
332855
332911
333027
333161
333416
333446
333505
333551
333565
333650
333968
334052
334079
334125
334138
334212
334354
334403
334485
334511
334559
334702
334789
334932
334962
335443
335449
335548
335776
335812
335890
335933
335995
336126
336205
336277
336322
336400
336461
336575
336918
337047
337256
337523
337627
337654
337682
337807
337851
338024
338111
338176
338190
338192
338473
338515
338626
338713
338742
338760
338801
338892
339064
339417
339429
339430
339516
339561
339622
339729
339861
339875
339917
340150
340284
340313
340408
340448
340477
340586
340613
340627
340824
340889
341154
341195
341205
341259
341287
341392
341438
341508
341608
341630
341684
341725
341771
341883
341978
342140
342150
342157
342271
342297
342361
342511
342517
342566
342881
342918
342994
343011
343024
343029
343090
343093
343179
343187
343309
343352
343400
343456
343525
343564
343855
343901
343931
344010
344015
344146
344184
344199
344219
344258
344459
344463
344700
344902
344987
344995
345007
345039
345073
345208
345228
345492
345492
345642
345715
345718
345804
345819
345943
345972
345987
346077
346096
346366
346430
346493
346550
346584
346586
346610
346690
346712
346744
346905
346993
347053
347116
347215
347274
347303
347353
347412
347413
347448
347523
347654
347747
347792
347842
347890
348021
348480
348679
348835
348979
349035
349167
349201
349412
349445
349540
349725
349733
349805
349812
349829
349961
350105
350207
350354
350383
350437
350512
350592
350673
350684
350720
350754
351159
351185
351207
351353
351469
351500
351568
351683
351688
351707
351720
351758
351830
352055
352077
352143
352287
352287
352335
352366
352386
352429
352430
352456
352627
352653
352738
352790
352933
352959
353095
353191
353274
353333
353467
353541
353596
353624
353731
354072
354169
354170
354504
354598
354667
354789
354807
354928
354938
355065
355305
355383
355541
355555
355566
355667
355739
355780
355797
355824
355921
355948
355957
356018
356069
356182
356257
356350
356586
356618
356791
356943
357040
357073
357149
357150
357245
357359
357375
357580
357700
357805
357968
358068
358204
358244
358305
358330
358334
358371
358431
358567
358767
358835
358851
358899
358909
359213
359220
359318
359424
359458
359600
360023
360098
360287
360347
360421
360444
360464
360489
360607
360727
360733
360824
360876
361144
361182
361260
361433
361439
361454
361737
361773
361954
362014
362147
362148
362216
362292
362416
362427
362511
362537
362604
362827
362980
362985
363048
363056
363075
363196
363586
363625
363660
363695
363718
363743
363803
363933
364107
364220
364251
364291
364322
364339
364386
364591
364687
364733
364788
364919
364952
365174
365319
365537
365557
365819
365820
365886
366166
366167
366233
366289
366310
366340
366356
366369
366420
366464
366542
366581
366773
366813
366978
367017
367212
367225
367467
367568
367582
367728
367743
367767
367870
367920
368045
368173
368200
368388
368620
368725
368809
368824
368857
368906
368908
368942
369178
369272
369281
369630
369638
369697
369782
369938
369962
370082
370187
370413
370474
370637
370704
370719
370734
370741
370880
370900
370912
371084
371085
371222
371254
371339
371373
371449
371465
371536
371604
371776
371952
371964
372072
372288
372312
372440
372502
372701
372769
372775
372826
373112
373276
373296
373364
373496
373844
373856
374011
374299
374473
374543
374563
374717
374796
374834
374933
375051
375058
375122
375147
375198
375260
375266
375272
375293
375296
375331
375426
375688
375723
376029
376085
376273
376496
376497
376504
376575
376635
376637
376641
376644
376902
377179
377223
377396
377583
377622
377741
377768
377799
377903
377913
378052
378098
378100
378233
378265
378397
378451
378789
378810
378854
378894
378940
379043
379323
379343
379374
379436
379446
379463
379583
379609
379650
379651
379759
380158
380168
380216
380246
380273
380311
380426
380508
380805
380814
380927
380932
381014
381074
381306
381440
381504
381548
381601
381645
381657
381775
381788
381802
381923
381976
382101
382213
382319
382460
382494
382543
382891
382924
383108
383222
383881
383923
384132
384183
384237
384328
384430
384436
384463
384577
384766
384955
384993
385025
385051
385198
385288
385549
385623
385706
385737
385759
385925
386180
386316
386375
386474
386557
386658
386916
387003
387060
387115
387593
387652
387718
387963
387995
388029
388045
388103
388114
388178
388316
388393
388450
388524
388549
388621
388723
388830
388877
389031
389080
389204
389312
389423
389675
389678
389748
389757
389777
389802
389881
389881
389927
389942
390016
390077
390294
390381
390434
390771
390825
390878
391047
391085
391171
391269
391279
391355
391365
391588
391590
391627
391918
391925
392290
392300
392480
392653
392738
392781
392886
392968
393156
393185
393187
393234
393261
393363
393590
393602
393619
393625
393697
394079
394194
394342
394363
394467
394473
394582
394654
394677
394691
394694
394824
394897
394908
395010
395267
395321
395353
395488
395509
395648
395673
395703
395780
395821
395980
396068
396162
396176
396241
396407
396422
396488
396502
396597
396687
396779
397062
397084
397137
397305
397552
397644
397669
397912
397999
398009
398070
398312
398392
398472
398493
398529
398656
398683
398774
398809
398829
399005
399106
399243
399247
399318
399328
399455
399470
399562
399629
399796
399831
399876
399916
399931
400035
400087
400154
400389
400479
400537
400553
400651
400651
400661
400684
400815
400936
400967
401020
401031
401047
401110
401119
401127
401352
401358
401402
401872
401906
401958
401960
402052
402148
402192
402232
402255
402284
402542
402600
402660
402890
402895
402917
402944
402951
402956
403008
403040
403044
403220
403333
403348
403360
403379
403428
403597
403614
403758
403813
403935
404028
404084
404131
404196
404237
404306
404329
404444
404484
404638
404691
404736
404752
404766
404784
404845
404870
404886
404922
405008
405108
405126
405412
405433
405458
405569
405626
405706
405733
405764
405825
405860
406139
406151
406228
406249
406312
406469
406498
406630
406664
406695
406740
406827
406862
406950
407038
407039
407083
407208
407208
407258
407275
407307
407538
407599
407813
407903
407971
408257
408394
408478
408490
408493
408533
408583
408899
408935
409115
409145
409250
409336
409363
409755
409789
409898
410093
410181
410355
410378
410389
410427
410730
410988
411067
411290
411303
411361
411446
411692
411773
411798
411801
411830
411860
411976
411994
412081
412147
412182
412413
412419
412506
412558
412733
412781
412790
412792
412875
412887
413061
413188
413307
413319
413412
413429
413726
413850
413984
413996
414190
414264
414331
414492
414536
414582
414783
414868
414994
415066
415082
415103
415217
415273
415381
415400
415639
415752
415809
415824
415957
416111
416241
416403
416442
416651
416679
416877
416889
416956
416958
417089
417199
417204
417225
417424
417498
417520
417629
417818
417846
417902
417905
417908
418055
418193
418227
418541
418587
418640
418695
418749
418919
418969
418975
419018
419078
419521
419720
419732
419735
419755
419759
419965
419967
420084
420172
420261
420305
420599
420644
420652
420732
420838
420872
420878
420893
420943
420958
421021
421028
421035
421182
421209
421462
421550
421567
421632
421696
421722
421785
421806
421861
421887
421930
421987
421992
422034
422224
422257
422535
422537
422665
422822
422914
422931
422953
423262
423516
423593
423741
423770
423921
423926
423927
423964
424033
424052
424281
424282
424289
424335
424444
424533
424605
424789
424837
424850
424852
424881
424951
425039
425121
425328
425350
425356
425505
425641
425921
425997
426132
426175
426413
426448
426488
426504
426547
426565
426669
426718
426817
426887
426945
426961
427030
427043
427065
427152
427232
427260
427265
427394
427479
427503
427581
427588
427679
427804
427806
427937
427943
428020
428181
428518
428563
428618
428629
428634
428830
429093
429140
429262
429299
429390
429422
429422
429432
429611
429663
429739
429991
430131
430235
430420
430526
430544
430749
430785
430817
430886
430925
431195
431473
431565
431592
431599
431733
431805
431868
431896
431916
431968
432023
432172
432174
432228
432271
432312
432329
432358
432361
432383
432387
432449
432467
432712
432888
432892
433064
433089
433102
433131
433194
433234
433248
433526
433600
433618
433692
433723
434001
434068
434123
434131
434239
434252
434259
434364
434488
434644
434664
434879
434903
434976
435038
435097
435265
435273
435308
435355
435522
435725
436270
436467
436716
436826
437309
437395
437443
437453
437491
437538
437695
437751
437826
437834
437896
437897
438163
438244
438302
438305
438536
438700
438746
438803
438892
438897
438931
439021
439137
439208
439219
439552
439588
439598
439711
439762
439815
440284
440373
440860
441029
441166
441303
441401
441440
441569
441733
441821
441883
441975
441980
441998
442000
442167
442203
442281
442328
442425
442862
443051
443210
443281
443286
443300
443306
443360
443368
443433
443639
443675
443973
443993
444363
444523
444598
444641
444647
444676
444689
445092
445117
445195
445255
445314
445425
445510
445606
445656
445741
445808
445811
446322
446416
446454
446464
446720
446769
446864
446884
447194
447248
447257
447267
447386
447394
447479
447487
447515
447555
447631
447961
447994
448033
448355
448461
448465
448512
448518
448543
448580
448621
448716
448822
448860
448929
449019
449037
449057
449100
449199
449200
449208
449246
449292
449311
449327
449386
449392
449464
449600
449637
449684
449703
449749
449819
449865
449875
450044
450221
450273
450372
450386
450492
450524
450525
450615
450842
451153
451263
451609
451656
451727
452052
452178
452316
452360
452379
452461
452529
452609
452726
452883
452958
452972
452987
453081
453297
453326
453406
453417
453471
453533
453638
453683
453723
453994
453999
454122
454188
454248
454447
454498
454544
454737
454924
455106
455133
455146
455247
455270
455287
455529
455649
455698
455862
455941
456198
456217
456294
456309
456421
456646
456676
456959
457025
457156
457187
457255
457291
457294
457299
457471
457512
457651
457890
458425
458479
458531
458568
458615
458616
458634
458818
458869
459079
459101
459239
459442
459493
459542
459717
459803
460028
460153
460275
460313
460375
460422
460515
460743
460747
460808
460832
460903
461444
461489
461524
461649
461663
461672
461744
461775
461797
461859
462132
462215
462402
462421
462441
462468
462886
462909
463163
463226
463264
463271
463434
463482
463501
463606
463769
463818
463822
463935
463940
463961
463990
464160
464402
464443
464454
464596
464673
464770
464780
464909
464994
465030
465050
465189
465257
465316
465323
465354
465575
465709
465797
465837
465925
466212
466280
466293
466523
466595
466688
467018
467022
467034
467045
467090
467229
467235
467307
467382
467392
467397
467443
467447
467478
467492
467549
467638
467680
467750
467752
467840
467898
467916
468125
468237
468250
468306
468476
468528
468659
468700
468762
468822
469203
469243
469443
469467
469472
469592
469631
469665
469706
469726
469789
469840
469857
469873
469957
469968
469993
470132
470182
470590
470658
470685
470777
470985
471168
471430
471536
471554
471664
471679
471777
471912
471925
471953
472182
472280
472294
472505
472602
472781
472827
473161
473308
473347
473437
473558
473601
473630
473765
473825
473860
473954
473964
474112
474377
474381
474724
474801
474827
474882
475086
475100
475165
475170
475247
475257
475380
475385
475645
475659
475734
475809
476170
476303
476327
476356
476453
476465
476652
476711
476773
476884
477066
477067
477161
477233
477361
477388
477471
477507
477525
477601
477606
477608
477618
477726
477858
477863
477987
478004
478031
478125
478143
478145
478347
478566
478567
478572
478576
478601
478649
479191
479429
479579
479664
479783
479809
479901
479935
480256
480327
480488
480558
480576
480694
480760
480830
480892
480905
481052
481187
481330
481409
481561
481760
481778
481881
481979
481990
482148
482292
482621
482676
482814
482950
482972
483079
483332
483464
483471
483534
483661
483749
483766
483822
483970
484183
484214
484326
484328
484366
484432
484576
484682
484718
484820
484891
484936
484957
484980
485054
485125
485190
485312
485357
485410
485414
485643
485772
485876
485905
485934
485979
486217
486341
486391
486419
486477
486581
486718
486749
486771
486860
487066
487178
487188
487276
487370
487374
487574
487642
487667
487792
487827
487920
488269
488297
488336
488556
488571
488645
488689
488733
488790
488825
489002
489070
489209
489216
489221
489394
489395
489434
489745
489808
489855
490132
490479
490492
490502
490704
490706
490750
490838
490890
491027
491076
491329
491336
491405
491449
491613
491716
491930
492065
492368
492372
492406
492533
492575
492585
492587
492662
493339
493441
493455
493646
493648
493719
493977
494010
494416
494474
494531
494612
494800
495015
495040
495089
495166
495206
495207
495226
495286
495376
495542
495573
495675
495680
495757
495771
495778
496075
496267
496271
496277
496303
496390
496400
496443
496463
496480
496506
496669
496758
496816
496829
496835
497191
497204
497212
497247
497262
497436
497551
497568
497582
497624
497769
497825
497836
497971
497999
498150
498194
498219
498354
498384
498407
498463
498474
498599
498621
498647
498711
498747
498764
498820
498825
498867
498893
498899
498973
499036
499121
499149
499436
499441
499541
499570
499770
499815
499964
500109
500401
500422
500592
500616
500798
500878
500908
500970
501005
501109
501122
501212
501242
501243
501506
501831
501903
502002
502023
502037
502043
502103
502138
502143
502178
502231
502306
502349
502454
502597
502701
502877
502928
502952
503091
503149
503150
503232
503393
503631
503814
503840
503905
504113
504139
504299
504307
504355
504436
504451
504613
504667
504886
504962
504967
504968
505094
505107
505235
505308
505326
505436
505456
505512
505706
505758
505798
505844
505882
505895
505933
505975
505989
506110
506166
506213
506235
506244
506249
506377
506497
506621
506650
506757
507077
507100
507143
507161
507186
507254
507305
507377
507543
507610
507616
507849
507863
507980
508016
508064
508080
508240
508506
508727
508766
508782
508797
508912
508916
508947
508987
509218
509525
509575
509637
509682
509722
509769
509928
509947
510011
510055
510060
510131
510340
510672
510692
510791
510858
510933
510934
511208
511379
511392
511595
511617
511628
511687
511726
511775
511787
511846
511968
512110
512131
512225
512483
512552
512610
512687
512898
513085
513204
513208
513444
513505
513532
513800
513917
513962
514012
514060
514080
514194
514199
514209
514252
514280
514366
514526
514691
514704
514796
514867
514943
515104
515317
515373
515447
515468
515735
515765
515798
515816
515821
515885
515902
515947
516093
516319
516425
516569
516832
516947
517052
517094
517123
517196
517209
517246
517253
517367
517388
517471
517550
517559
517710
517720
517730
517783
517932
517956
518137
518228
518281
518309
518373
518461
518791
518855
518945
519107
519196
519197
519374
519415
519491
519512
519604
519772
519812
519950
519962
520041
520078
520088
520138
520230
520299
520407
520448
520514
520607
520739
520943
520965
521071
521141
521144
521298
521462
521985
521991
522073
522111
522287
522289
522421
522490
522518
522652
522744
523074
523075
523123
523235
523516
523577
523597
523762
524043
524051
524117
524124
524293
524340
524462
524529
524687
524731
525010
525055
525310
525338
525351
525589
525610
525615
525701
525842
526072
526453
526567
527035
527036
527045
527307
527386
527637
527648
527672
527763
527941
528208
528561
528583
528593
528609
528796
528817
528824
528838
529026
529034
529056
529113
529210
529218
529232
529399
529439
529553
529644
529822
529823
529852
529856
529903
530008
530023
530072
530121
530283
530646
530804
530975
531050
531063
531138
531252
531326
531435
531738
531903
531916
531963
532019
532043
532082
532103
532116
532124
532273
532345
532367
532394
532431
532468
532473
532490
532572
532581
532794
532794
532804
532817
532870
532880
533039
533192
533220
533239
533278
533329
533389
533413
533541
533707
533907
534039
534086
534091
534261
534382
534458
534471
534660
534714
534758
534807
534819
534919
535001
535136
535229
535432
535442
535503
535561
535573
535651
535789
535860
536080
536156
536184
536185
536193
536208
536239
536249
536536
536581
536627
536725
536820
536952
537065
537144
537353
537605
537840
538069
538109
538139
538367
538422
538455
538489
538513
538651
538674
538768
538790
538795
538914
539041
539091
539204
539289
539366
539485
539671
539787
539922
539944
540120
540124
540127
540329
540463
540512
540540
540636
540660
540741
540794
540824
541292
541399
541454
541455
541456
541490
541604
541669
541702
541751
541840
541866
541974
541994
542223
542233
542406
542423
542494
542507
542848
542934
542941
542967
543434
543509
543590
543671
543865
544024
544107
544183
544184
544294
544496
544588
544707
544836
544921
544998
545263
545264
545561
545882
545901
546060
546124
546142
546215
546277
546314
546359
546680
546758
546768
546794
546935
547062
547202
547244
547452
547568
547710
547836
547838
547857
547878
547963
548062
548064
548147
548300
548369
548400
548462
548524
548546
548550
548628
548639
548644
548719
548789
548952
549008
549153
549255
549258
549263
549446
549469
549483
549774
549958
550023
550076
550239
550274
550304
550327
550350
550498
550542
550714
550799
550856
551101
551136
551152
551240
551289
551365
551383
551634
551755
551888
551940
551952
551958
552098
552284
552554
552587
552739
552753
553030
553052
553080
553089
553172
553226
553302
553341
553368
553401
553405
553460
553490
553969
553971
554045
554104
554106
554156
554224
554339
554360
554517
554630
554639
554680
554736
554794
554814
554915
555041
555070
555122
555158
555346
555475
555597
555641
555806
555903
556060
556216
556240
556370
556398
556477
556629
556657
556712
556715
556773
556794
556971
557008
557013
557225
557469
557624
557956
557975
557982
558139
558160
558234
558320
558440
558561
558671
558707
558863
558939
559093
559160
559208
559259
559353
559359
559425
559429
559431
559437
559549
559596
559600
559667
559736
559739
559760
559965
559966
560056
560129
560358
560375
560446
560757
561042
561050
561162
561268
561269
561712
561764
561782
561839
561915
562125
562414
562436
562554
562596
562674
562746
562825
562907
562920
562956
563179
563292
563378
563410
563705
563758
563938
564038
564144
564195
564264
564284
564348
564422
564450
564844
564923
564951
564984
564987
565175
565306
565343
565344
565433
565499
565685
566258
566342
566407
566426
566688
566976
567135
567208
567608
567647
567731
567862
567951
568099
568102
568252
568260
568268
568289
568373
568399
568466
568469
568567
568592
568774
568865
569023
569047
569084
569112
569199
569255
569328
569413
569631
569672
569701
569810
569925
569966
570091
570097
570100
570309
570325
570340
570341
570374
570462
570555
570649
570875
571020
571108
571148
571240
571261
571294
571498
571557
571610
571663
571760
571763
572181
572215
572425
572439
572448
572672
572741
572798
572884
572947
573039
573057
573225
573229
573762
573781
573781
573867
573905
573907
574034
574064
574171
574452
574487
574571
574682
574777
574975
575181
575229
575390
575816
575817
575877
575936
575967
575988
576036
576160
576253
576586
576591
576654
576812
576928
576974
577004
577094
577253
577544
577628
577730
577831
577888
577889
577895
578231
578232
578266
578331
578332
578336
578353
578365
578408
578529
578603
578609
578629
578643
578708
578792
579146
579202
579320
579420
579696
579938
579951
580000
580005
580193
580475
580516
580953
581103
581211
581352
581390
581464
581582
581660
581748
581770
581937
581948
582120
582134
582155
582176
582516
582694
582990
583119
583132
583222
583330
583362
583390
583687
583777
583818
583819
583822
583829
584020
584120
584252
584339
584345
584413
584417
584428
584507
584711
584884
584932
584975
585099
585197
585238
585252
585273
585297
585525
585526
585706
585888
586083
586296
586323
586364
586427
586576
586584
586609
586722
586749
586815
587005
587023
587268
587354
587357
587399
587544
587555
587558
587664
587748
587780
587813
587970
587982
588031
588047
588337
588431
588502
588607
588647
588664
588715
588863
588905
589015
589103
589294
589549
590031
590212
590274
590463
590602
590805
590835
590843
590980
591195
591475
591564
591920
591943
592161
592173
592297
592348
592361
592432
592506
592707
592807
592815
593009
593147
593308
593476
593520
593551
593596
593608
593615
593699
593703
593822
593879
594149
594208
594219
594318
594336
594632
594701
594751
594911
594951
595053
595203
595447
595480
595538
595618
595621
595650
595676
595701
595702
595784
596167
596242
596390
596568
596600
596683
596684
596963
597076
597101
597151
597342
597346
597421
597482
597487
597500
597833
597915
598027
598190
598290
598364
598430
598521
598585
598677
598752
598844
598926
598994
599192
599212
599363
599600
599681
600044
600098
600139
600216
600307
600371
600485
600500
600504
600635
600672
600788
600903
600924
601103
601158
601220
601486
601586
601696
601798
601814
601995
602173
602206
602226
602490
602547
602562
602678
602711
602726
602827
602833
602998
603189
603343
603384
603406
603539
603983
604182
604404
604528
604577
604610
605059
605156
605208
605213
605312
605321
605341
605395
605489
605588
605989
606036
606168
606324
606431
606519
606598
606637
606652
606822
606845
606870
606908
606935
607010
607115
607123
607155
607206
607625
607799
607860
608083
608208
608211
608217
608244
608402
608734
608938
609203
609362
609406
609432
609673
609895
609942
610084
610088
610106
610333
610389
610771
610931
611021
611082
611191
611222
611467
611512
611530
611554
611896
612036
612055
612194
612227
612398
612616
612931
613015
613017
613027
613048
613144
613173
613230
613295
613523
613836
614064
614240
614270
614286
614394
614458
614552
614625
614891
614948
615232
615277
615430
615547
615575
615635
615997
616039
616054
616189
616338
616447
616501
616536
616785
616807
616834
616910
617016
617019
617038
617053
617328
617484
617587
617885
617922
617935
618046
618272
618379
618446
618574
618676
618882
618960
618988
619137
619172
619200
619260
619431
619436
619579
619601
619713
619838
619867
619964
620032
620305
620339
620342
620491
620541
620545
620648
620651
620752
620782
620847
620871
621070
621178
621329
621380
621381
621420
621514
621530
621565
621603
621643
621671
621970
621987
622040
622216
622314
622399
622428
622631
622677
622708
622938
622939
623095
623132
623146
623182
623218
623226
623241
623250
623348
623400
623415
623676
623692
623709
623767
623776
623829
624149
624316
624316
624319
624385
624398
624406
624418
624498
624525
624833
624884
624955
624993
625384
625463
625597
625600
625657
625682
625735
626222
626244
626336
626338
626362
626421
626515
626517
626558
626597
626706
626818
626877
627074
627177
627329
627511
627824
627979
628288
628526
628548
628587
628608
628649
628649
628735
628792
629031
629037
629046
629084
629141
629218
629329
629390
629407
629463
629479
629651
629731
629801
629875
629876
629978
630045
630077
630162
630165
630176
630215
630315
630647
630672
630740
630746
630793
630867
630912
631010
631107
631212
631330
631504
631511
631548
631717
631739
631836
631947
632026
632146
632157
632190
632259
632395
632488
632520
632527
632537
632767
632855
632888
633092
633134
633198
633219
633334
633406
633408
633436
633582
633994
634027
634155
634196
634269
634346
634391
634567
634627
634660
634695
634722
634825
634991
635229
635391
635815
635845
635848
635853
636002
636016
636142
636201
636247
636275
636279
636328
636331
636583
636672
636695
636826
636831
636846
636855
636855
637098
637184
637220
637244
637269
637407
637491
637565
637578
637629
638181
638253
638278
638279
638282
638453
638497
638546
638565
638642
638745
638840
638990
639206
639271
639304
639350
639360
639411
639457
639561
639569
639660
639865
640134
640208
640242
640269
640377
640486
640531
640540
640594
640614
640642
640736
640857
640898
641120
641174
641303
641407
641496
641537
641989
642051
642053
642067
642080
642088
642126
642709
642870
642907
642932
642956
643014
643048
643132
643147
643176
643223
643260
643261
643262
643286
643309
643399
643526
643580
643602
643653
643659
643721
643939
644076
644325
644351
644354
644386
644418
644535
644549
644698
644819
644828
644922
644958
645036
645036
645166
645187
645301
645473
645484
645569
645570
645738
645935
645984
646075
646077
646132
646236
646300
646303
646365
646372
646426
646439
646539
646719
646841
646868
646906
646916
646916
647004
647073
647196
647265
647288
647576
647712
647914
647916
647944
647966
647994
648253
648314
648347
648415
648416
648540
648567
648611
648706
648716
648793
648828
648847
648975
649187
649272
649312
649361
649482
649741
649872
649942
650094
650144
650188
650190
650287
650579
650585
650622
650638
650920
650997
650998
651091
651158
651184
651193
651365
651401
651642
651722
651952
651974
652121
652154
652228
652281
652322
652325
652357
652485
652513
652525
652615
652658
652735
652735
652776
652792
652961
653127
653240
653263
653264
653325
653511
653568
653627
653670
653686
653732
653787
653807
653809
653913
654112
654157
654204
654391
654394
654530
654538
654556
654597
654843
654857
654884
654915
655016
655029
655064
655138
655197
655472
655581
655594
655761
655916
655982
656821
656883
656975
656979
656988
657133
657321
657561
657564
657868
657891
657927
657941
658038
658055
658204
658243
658262
658517
658520
658534
658639
658646
658702
658769
658902
658943
659145
659228
659281
659440
659495
659648
659703
659722
659735
659755
659785
659823
659832
659947
660027
660036
660136
660155
660306
660453
660495
660563
660583
660625
660631
660851
660892
661039
661057
661173
661214
661231
661312
661359
661586
661663
661794
661826
661828
661963
662013
662042
662087
662282
662298
662328
662377
662390
662487
662701
662740
662785
662870
663086
663145
663361
663437
663556
663563
663649
663709
663772
663815
664140
664230
664245
664395
664403
664687
664722
664788
664964
665074
665198
665537
665569
665662
665724
665754
665882
665895
665928
666212
666294
666542
666671
666806
666808
666952
667050
667061
667086
667182
667302
667485
667508
667602
667984
668052
668211
668288
668327
668360
668369
668400
668552
668572
669075
669500
669610
669707
669724
669736
669762
669856
669938
669964
670241
670295
670387
670908
670993
671057
671083
671118
671184
671203
671403
671541
671583
671762
671772
671854
671885
671948
671974
672052
672054
672107
672138
672478
672579
672637
672651
672689
672760
672967
673010
673170
673228
673272
673353
673492
673623
673640
673673
673901
674045
674295
674380
674394
674700
674766
674853
674902
675101
675368
675372
675388
675527
675580
675625
675664
675829
676006
676105
676105
676171
676243
676250
676282
676413
676548
676598
676747
676888
677000
677103
677113
677161
677171
677245
677254
677300
677400
677409
677475
677824
677872
677875
677956
678107
678133
678296
678347
678500
678503
678608
678698
678847
678856
678860
678894
678933
679076
679090
679258
679390
679729
679756
679820
679925
679973
680172
680182
680416
680787
680802
680880
680891
680908
681010
681172
681189
681190
681423
681503
681548
681572
681716
681762
681812
681859
681909
682008
682216
682369
682426
682426
682494
682523
682624
682650
682675
682765
682797
682853
682951
683104
683142
683166
683267
683272
683327
683366
683429
683494
683598
683644
683658
683994
684011
684120
684247
684263
684266
684343
684547
684551
684689
684904
684937
685093
685132
685149
685150
685321
685330
685348
685968
686129
686225
686324
686407
686436
686444
686536
686611
686640
686648
686681
687105
687175
687231
687258
687306
687330
687429
687499
687588
687863
687867
687907
687952
688015
688027
688049
688196
688246
688314
688392
688457
688465
688586
688590
688607
688642
688807
688858
688922
688937
688943
689034
689160
689431
689452
689597
689603
689790
689807
689809
689920
689921
689940
690196
690387
690429
690654
690808
690965
690985
691057
691189
691385
691426
691589
691924
691945
691982
692012
692073
692151
692160
692242
692304
692318
692601
692742
692864
692910
693015
693228
693255
693262
693282
693428
693475
693482
693618
693689
693733
693794
693981
694006
694187
694355
694481
694542
694693
695316
695554
695619
695646
695660
695747
695777
695818
695947
695979
696292
696505
696628
696670
696787
696801
696807
696846
696947
697164
697165
697214
697413
697438
697526
697576
697583
697592
697677
697762
697776
697873
697930
697999
698222
698457
698763
698856
698863
698939
698950
699342
699410
699494
699647
699732
700032
700181
700516
700623
700664
700782
700885
700962
701198
701377
701470
701498
701511
701839
701897
701995
702189
702191
702238
702289
702404
702411
702477
702580
702667
702769
702784
702898
702940
702951
702969
703129
703224
703263
703266
703393
703431
703483
703654
703703
703763
703886
703913
703989
704019
704042
704138
704188
704249
704267
704339
704385
704408
704470
704568
704609
704936
705020
705085
705122
705185
705248
705286
705380
705412
705475
705529
705587
705614
705657
705801
705953
706024
706056
706111
706121
706142
706251
706305
706331
706372
706406
706719
706733
706740
706764
706964
707026
707037
707255
707366
707432
707462
707501
707506
707533
707549
707550
707730
707847
707944
708010
708280
708359
708360
708535
708565
708810
708871
708872
708892
708912
709028
709100
709184
709287
709292
709293
709395
709407
709469
709624
710040
710061
710087
710101
710109
710174
710397
710422
710721
710744
710744
710813
710850
711081
711095
711152
711387
711607
711689
711700
711779
712049
712104
712131
712139
712333
712488
712553
712559
712683
712829
712856
712926
712928
713030
713034
713105
713343
713437
713519
713671
713678
713872
713873
714034
714176
714230
714462
714567
714633
714711
714720
714785
714876
714881
714910
715004
715036
715188
715223
715262
715326
715345
715408
715495
715502
715552
715553
715789
715890
715994
716062
716086
716130
716353
716492
716493
716535
716546
716796
716852
716852
716926
716939
717128
717149
717280
717409
717455
717563
717850
718033
718074
718124
718207
718252
718561
718635
718746
718861
719082
719223
719325
719446
719578
719683
719697
719743
719800
719807
719912
719963
720049
720072
720156
720269
720319
720399
720431
720485
720497
720783
720854
720879
720882
721206
721254
721414
721432
721625
721769
721865
721993
722073
722092
722232
722337
722436
722458
722513
722609
722611
722767
722905
723045
723098
723127
723189
723261
723618
723652
723779
723872
723939
723989
724189
724250
724351
724373
724391
724489
724523
724911
724913
724917
724919
724986
725022
725050
725137
725365
725723
725743
726152
726174
726376
726575
727019
727203
727216
727299
727421
727433
727609
727609
727737
727743
727867
728145
728175
728242
728458
728575
728607
728622
728652
728840
728948
728962
729158
729308
729490
729502
729685
729748
729786
729921
729937
730070
730082
730134
730150
730214
730350
730447
730491
730619
730852
730891
730895
730947
730953
731009
731175
731195
731237
731258
731328
731328
731380
731449
731576
731654
731760
731779
731829
732011
732066
732093
732119
732124
732224
732278
732287
732289
732529
732660
732676
732700
732963
733028
733034
733070
733137
733149
733226
733328
733576
733645
733889
733894
734029
734068
734169
734462
734551
734557
734667
734815
734856
734991
735007
735043
735044
735099
735217
735340
735402
735487
735569
735753
735845
735997
736688
736699
736766
736823
737245
737438
737442
737472
737639
737682
737778
738018
738030
738103
738120
738183
738203
738307
738339
738393
738471
738481
738701
738767
738941
738995
739047
739356
739447
739456
739556
739569
739722
739760
739813
739816
739875
739941
739955
740080
740319
740331
740465
740471
740679
740705
740796
740813
740898
740928
740940
740977
741182
741282
741340
741419
741470
741529
741572
741575
741588
741777
741786
741864
742030
742099
742257
742290
742421
742454
742562
742586
742674
742816
742983
742989
743051
743061
743080
743164
743188
743312
743498
743594
743683
743804
743857
744074
744142
744160
744184
744229
744452
744521
744560
744590
744610
744635
744815
744858
744884
744936
744984
745060
745078
745156
745162
745353
745486
745528
745582
745601
745752
745783
745849
745914
745918
746014
746038
746075
746075
746079
746085
746122
746291
746323
746334
746341
746387
746455
746514
746585
746848
746854
746989
747108
747121
747217
747354
747685
747738
747765
747777
747939
748064
748084
748147
748206
748277
748348
748352
748391
748440
748451
748554
748591
748612
748629
748755
748765
748959
749026
749070
749070
749338
749368
749369
749433
749652
749782
749841
749858
749891
750192
750686
750879
750897
751236
751237
751238
751638
751651
751713
751803
751819
751832
751919
751933
751949
751996
752039
752224
752234
752601
752637
752716
752719
752800
752813
752824
752853
752871
753026
753048
753065
753123
753166
753188
753273
753367
753444
753514
753592
753664
753714
753752
753791
753827
753863
753975
754021
754037
754062
754113
754140
754238
754337
754459
754499
754618
754629
754697
754744
754779
754790
754943
755155
755274
755348
755545
755659
755732
755780
755799
755913
755928
756087
756206
756273
756357
756495
756514
756550
756553
756580
756806
756842
756870
757031
757279
757320
757460
757475
757586
757598
757826
757948
758031
758060
758145
758158
758181
758249
758267
758335
758497
758510
758689
758833
758850
758878
758907
758995
759092
759630
759635
759787
759889
759891
759968
760159
760433
760515
760669
760739
760770
760814
760892
760942
760954
761014
761019
761143
761226
761258
761466
761582
761850
761856
761864
761916
762039
762076
762110
762179
762300
762323
762337
762498
762598
762612
762748
762838
762903
763084
763315
763360
763431
763493
763500
763523
763562
763824
763944
764041
764045
764110
764120
764401
764474
764477
764574
764582
764610
764711
764859
764914
765400
765585
765642
765663
765684
765780
765802
765833
765994
766034
766111
766250
766489
766551
766676
766696
766988
767168
767295
767381
767550
767687
767935
768189
768802
768813
769010
769021
769138
769291
769334
769426
769514
769599
769794
769873
769931
770022
770377
770623
770646
770764
770887
770997
771008
771017
771063
771138
771149
771186
771251
771260
771451
771593
771621
771649
771728
771843
771983
772033
772095
772137
772177
772274
772432
772841
772919
772927
772929
773019
773045
773073
773113
773188
773244
773291
773323
773350
773611
773667
773746
773792
773900
773932
774030
774067
774113
774135
774136
774237
774318
774334
774450
774816
774823
774850
774861
774930
774971
775326
775459
775498
775510
775765
775922
776000
776079
776144
776197
776229
776239
776289
776446
776538
776564
776891
776918
777006
777092
777100
777317
777319
777351
777433
777485
777525
777544
777566
777672
777807
777856
777892
777964
778002
778054
778059
778084
778266
778418
778430
778533
778560
778570
778577
778692
778831
778853
779115
779329
779455
779519
779677
779861
779948
779950
779969
779986
779989
780137
780283
780296
780335
780519
780556
780742
780921
781073
781187
781271
781445
781701
781752
781756
781832
781881
782078
782082
782121
782224
782294
782382
782433
782435
782543
782605
782672
782735
782783
782856
782967
782988
783076
783183
783230
783328
783352
783359
783374
783393
783603
783659
783746
784215
784243
784319
784327
784406
784558
784593
784789
784801
784899
784944
784946
785130
785277
785400
785403
785674
785681
785720
785846
785895
785906
785985
786057
786248
786276
786280
786327
786365
786421
786647
786673
786688
786725
786740
786741
786869
787005
787059
787156
787241
787358
787388
787570
787603
787662
787810
787837
787850
787921
787942
787953
788017
788038
788086
788158
788299
788312
788331
788331
788379
788405
788539
788632
788658
788685
788707
788832
789164
789177
789197
789198
789230
789271
789290
789319
789514
789558
789576
789577
789850
789884
790001
790035
790046
790108
790308
790315
790412
790511
790511
790593
790615
790651
790814
790841
791008
791070
791099
791230
791240
791365
791428
791484
791533
791653
791766
791876
791886
791963
792152
792275
792285
792389
792427
792473
792558
792593
792618
792647
792743
793086
793355
793380
793495
793674
793675
793682
793689
793747
793977
794061
794082
794193
794336
794828
794871
794873
794987
794995
795004
795249
795265
795321
795553
795657
795806
795872
796039
796045
796185
796260
796282
796282
796484
796500
796553
796566
796571
796890
797071
797147
797326
797345
797358
797493
797653
797700
797704
797712
797713
797779
797844
797885
797995
798138
798438
798714
798742
798772
798846
798868
798885
798932
798934
798980
798994
799098
799260
799347
799643
799647
799656
799658
799743
799790
799794
799813
800020
800100
800338
800405
800419
800705
800851
800975
801074
801189
801262
801350
801426
801473
801980
801993
802210
802248
802300
802342
802369
802396
802406
802510
802530
802603
802635
802647
802877
802898
803080
803224
803234
803340
803393
803777
803849
803886
803992
804235
804371
804401
804551
804598
804659
804713
804714
804893
804948
805075
805115
805119
805161
805385
805462
805506
805595
805612
805704
805722
805799
805824
805837
805883
805953
806007
806116
806408
806456
806536
806706
806728
806736
806839
806961
807027
807072
807126
807240
807263
807305
807574
807653
807687
807846
807909
807921
807984
808057
808555
808564
808673
808674
808682
808807
808812
808871
808878
808934
809086
809198
809250
809344
809606
809870
809884
810010
810202
810209
810246
810276
810321
810364
810425
810619
810732
810748
810815
810861
810933
811020
811125
811187
811256
811408
811565
811693
811716
811789
811841
811852
811863
812079
812157
812662
812788
812960
813000
813120
813361
813480
813533
813601
813648
813659
813676
813704
813717
813918
813946
814057
814099
814435
814455
814466
814558
814563
814566
814791
814822
814900
814932
815000
815393
815398
815413
815560
815597
815740
815754
815757
815796
815814
815821
815959
816025
816138
816298
816300
816468
816517
816583
816792
816829
816845
816873
817198
817486
817564
817744
817754
817937
817978
817992
818045
818164
818232
818237
818537
818913
818927
819338
819445
819580
819755
819757
819810
819933
819940
820034
820057
820144
820253
820600
820702
820703
820838
820921
821002
821133
821253
821404
821524
821890
821907
822115
822210
822497
822525
822762
822783
822787
822897
822910
822910
822941
823105
823123
823440
823483
823541
823660
823676
823733
823749
823776
823787
823814
823814
823886
823925
824010
824210
824335
824435
824453
824469
824541
824559
824616
824823
824998
825016
825237
825406
825465
825500
825532
825568
825621
825672
825716
825944
826001
826043
826112
826234
826291
826292
826499
826658
826710
826781
826800
826928
827036
827096
827165
827228
827282
827422
827447
827454
827500
827528
827761
827920
828033
828130
828278
828363
828561
828582
828598
828745
828927
828948
829014
829017
829018
829096
829339
829345
829452
829717
829752
829945
830011
830012
830024
830102
830156
830204
830219
830254
830566
830571
830633
830793
830883
831002
831083
831310
831355
831428
831451
831514
831800
831999
832089
832134
832150
832183
832184
832223
832309
832367
832417
832422
832554
832559
832611
832663
832809
832855
832880
832931
833017
833121
833174
833642
833995
834085
834180
834204
834318
834362
834433
834538
834557
834576
834597
834636
834640
834661
834770
834948
834963
835033
835111
835128
835197
835208
835327
835357
835365
835434
835517
835523
835602
835664
835674
835934
835940
835975
835981
835992
836100
836110
836249
836279
836297
836310
836345
836374
836387
836415
836505
836511
836712
836837
836910
836951
837000
837055
837073
837097
837156
837249
837462
837488
837677
837785
837800
837892
837904
837945
838246
838394
838448
838479
838531
838602
838705
838896
838970
839059
839113
839151
839211
839415
839490
839543
839674
839810
839875
839891
839923
840127
840147
840190
840223
840224
840518
840543
840972
840976
841043
841105
841116
841137
841141
841239
841298
841310
841339
841701
841828
841894
841903
841949
841956
842094
842175
842194
842365
842420
842490
842724
842797
842810
842836
842931
842938
842944
843238
843241
843245
843369
843370
843398
843529
843623
843693
843728
843915
843941
844090
844127
844155
844254
844276
844360
844560
844641
844650
844768
844868
844886
844928
844937
844967
845079
845109
845126
845176
845192
845230
845242
845335
845408
845416
845543
846031
846109
846110
846136
846192
846230
846260
846314
846528
846676
846728
846775
846815
846832
846930
846978
847000
847015
847029
847076
847082
847171
847233
847249
847608
847658
847729
847842
847859
847943
847948
847949
848021
848288
848340
848345
848367
848412
848544
848577
848616
848739
848761
849066
849089
849107
849242
849292
849338
849363
849423
849464
849516
849516
849579
849618
849658
849712
849714
849846
849962
850049
850075
850091
850109
850246
850260
850308
850320
850686
850788
850876
850897
850997
851001
851009
851032
851035
851158
851185
851483
851667
852026
852305
852374
852599
852798
852899
853102
853209
853245
853255
853362
853435
853471
853510
853546
853571
853743
853789
853836
853946
854284
854308
854377
854421
854509
854540
854649
854862
854951
854974
855100
855124
855148
855553
855602
855609
855740
855868
855896
855901
855999
856152
856200
856261
856312
856413
856488
856713
856878
857209
857580
857700
857871
858013
858039
858084
858118
858173
858360
858506
858529
858626
858646
858659
858673
858718
858731
858775
858785
858874
859258
859262
859372
859375
859721
859758
859837
859945
860412
860459
860657
860787
860807
860833
860981
861013
861104
861156
861162
861268
861369
861378
861379
861498
861681
861774
861794
861895
861904
861954
862017
862035
862158
862182
862216
862336
862451
862541
862990
863304
863328
863347
863545
863561
863598
863632
863642
863753
863901
863922
863940
863975
864063
864111
864356
864369
864404
864432
864442
864538
864570
864621
864652
864784
864886
864908
865055
865055
865088
865103
865113
865134
865288
865322
865329
865358
865407
865439
865521
865551
865669
865747
865884
865913
865935
866264
866316
866548
866580
866641
866674
866747
866886
866897
866949
867193
867213
867222
867242
867247
867248
867256
867439
867603
867634
867781
867818
867935
867979
868027
868065
868176
868191
868277
868326
868367
868507
868523
868594
868605
868716
868765
868835
868862
868895
868988
869046
869160
869174
869269
869329
869358
869372
869517
869729
869787
869958
869969
870055
870078
870116
870342
870433
870449
870569
870599
870627
870744
870973
871094
871226
871246
871260
871371
871516
871620
871689
871724
871739
871940
872015
872137
872211
872329
872385
872471
872534
872765
872834
872847
872950
873016
873085
873184
873196
873417
873586
873639
873678
873731
873820
874278
874336
874407
874611
874694
874710
874750
875156
875157
875184
875257
875361
875555
875718
875763
875890
876053
876088
876092
876194
876278
876373
876417
876504
876595
876607
876927
877018
877073
877122
877318
877366
877372
877434
877435
877492
877535
877581
877647
877745
877841
877870
877919
877956
878047
878095
878166
878206
878206
878251
878287
878356
878383
878408
878503
878775
878929
879158
879210
879345
879535
879676
879678
879684
879751
879788
879788
879917
880055
880076
880227
880366
880634
880645
880710
880746
880748
880768
880783
880817
880977
881055
881060
881200
881238
881422
881430
881554
881578
881765
881886
881897
882271
882329
882344
882482
882586
882606
882796
882886
883042
883249
883425
883663
883730
883793
883835
883920
884252
884332
884507
884538
884615
884672
884748
884766
884892
884930
884954
885034
885220
885244
885255
885370
885433
885514
885751
885766
885805
885854
885932
886050
886074
886202
886291
886297
886339
886342
886421
886503
886547
886575
886580
886765
886935
887197
887324
887346
887383
887394
887729
887882
887896
887909
887941
888004
888035
888110
888157
888352
888417
888470
888512
888618
888754
888824
889027
889124
889470
889482
889995
890144
890331
890349
890367
890446
890470
890503
890515
890737
890798
890880
890985
891040
891058
891082
891159
891322
891379
891478
891566
891588
891611
891627
891683
891896
891903
892015
892015
892099
892125
892143
892200
892229
892230
892304
892361
892559
892575
892838
892870
892876
893311
893342
893357
893363
893439
893489
893559
893567
893591
893698
893717
893723
893736
893751
893754
893924
893939
894162
894253
894360
894433
894537
894761
894863
894958
895068
895149
895167
895212
895305
895420
895465
895530
895660
895758
895767
895884
895964
895997
896244
896435
896481
896623
896631
896851
896880
897139
897147
897171
897326
897352
897378
897382
897437
897479
897490
897502
897504
897506
897521
897528
897547
897551
897555
897745
897760
897807
898092
898584
898800
898807
898877
899312
899441
899475
899541
899590
899675
899796
899964
900042
900242
900338
900368
900394
900736
900821
900851
901073
901210
901220
901229
901359
901779
901799
902214
902276
902315
902354
902363
902420
902427
902551
902595
902640
902719
902893
902930
903082
903164
903239
903275
903298
903343
903556
903614
903784
903800
903944
904087
904125
904145
904170
904371
904447
904464
904483
904539
904555
904567
904574
904590
904751
904834
904842
904872
905034
905084
905158
905177
905215
905293
905423
905657
905826
905908
906047
906054
906064
906129
906200
906252
906265
906287
906409
906434
906558
906605
906642
906814
906918
907027
907089
907105
907254
907375
907599
907613
907750
907838
907838
907856
907903
907910
908411
908415
908498
908512
908524
908547
908561
908723
908786
908815
908914
908937
908965
909071
909110
909123
909136
909294
909299
909306
909372
909393
909574
909691
909794
909844
909878
909949
910024
910024
910120
910149
910514
910542
910581
910697
910835
911125
911157
911269
911281
911337
911388
911474
911591
911625
911656
912142
912201
912282
912287
912293
912301
912428
912446
912471
912483
912549
912588
912602
912624
912674
912895
912984
913049
913080
913175
913493
913642
913682
913762
913839
913928
913930
913989
913995
914082
914172
914734
914776
914945
914974
915026
915162
915179
915200
915286
915296
915422
915493
915542
915581
915662
915808
915897
915940
916031
916086
916170
916194
916243
916334
916422
916501
916567
916693
916703
916802
916831
916873
916894
917012
917110
917485
917757
917830
917857
917939
917999
918033
918394
918488
918595
918609
918752
918758
919000
919135
919249
919318
919370
919408
919417
919730
919853
919857
919918
919984
920054
920172
920281
920308
920440
920464
920512
920571
920574
920675
920735
920855
920861
920933
920960
921002
921131
921181
921229
921288
921420
921464
921724
921748
922048
922061
922110
922165
922312
922339
922380
922402
922440
922811
922857
923015
923162
923228
923316
923419
923549
923558
923661
923740
923834
923884
923894
924012
924147
924147
924204
924332
924533
924571
924624
924704
924904
925137
925144
925172
925331
925463
925620
925754
925822
926076
926090
926104
926236
926382
926495
926542
926675
926742
926881
926894
927059
927247
927539
927557
927644
927688
927698
927832
927861
927938
927979
927985
928069
928070
928109
928129
928191
928364
928465
928631
928786
928827
928874
928960
928970
928974
929089
929264
929364
929458
929536
929557
929652
929793
929909
930071
930134
930188
930221
930451
930460
930495
930688
930771
930840
930921
931145
931145
931173
931320
931494
931599
931800
931862
931893
932124
932143
932396
932412
932506
932554
932554
932620
932640
932888
932897
933035
933169
933292
933326
933365
933426
933445
933477
933500
933567
933693
933911
933973
933986
934273
934341
934428
934614
935065
935119
935241
935369
935409
935418
935425
935521
935527
935611
935621
935693
936062
936564
936730
936837
936838
936854
936856
937035
937043
937073
937093
937219
937276
937276
937295
937313
937576
937583
937634
937661
937664
937776
937811
937850
938054
938157
938201
938257
938323
938349
938526
938526
938550
938661
938753
938787
938867
939011
939077
939185
939262
939385
939476
939656
939830
939922
940046
940274
940305
940552
940577
940684
940798
940967
941102
941202
941214
941248
941566
941628
941801
941874
942054
942138
942145
942288
942297
942559
942647
942759
942760
942888
942942
942972
942987
943038
943160
943240
943422
943550
943570
943644
943772
943796
943802
943866
944218
944220
944238
944269
944302
944366
944511
944617
944643
944653
944767
944867
944894
945104
945414
945434
945529
945589
945808
945813
945867
945969
945979
946018
946040
946047
946137
946159
946242
946446
946680
946716
946739
946786
946963
947008
947114
947276
947625
947773
947950
948015
948244
948269
948271
948431
948802
948852
948861
949342
949470
949836
949850
949921
949922
949949
949987
950294
950335
950500
950643
950777
950856
950934
951008
951036
951246
951463
951470
951511
951773
951947
952018
952215
952556
952734
952761
953075
953218
953329
953369
953380
953382
953582
953683
953820
953831
953866
953873
953874
953947
954030
954243
954278
954427
954438
954476
954618
954968
955181
955346
955380
955484
955501
955561
955832
955869
955894
955968
955981
955994
955999
956065
956166
956234
956657
956672
956685
956720
956944
956966
957039
957169
957269
957313
957375
957480
957571
957611
957648
957733
957734
957840
957877
958015
958158
958209
958309
958335
958416
958486
958498
958809
959051
959194
959330
959333
959343
959466
959595
959599
959771
959949
960072
960377
960589
960597
960665
960684
960725
960739
960776
960807
961016
961031
961057
961114
961127
961174
961181
961225
961318
961372
961628
961633
961734
961842
962023
962038
962076
962120
962159
962190
962245
962248
962276
962337
962337
962388
962433
962503
962669
962699
962779
962810
963046
963299
963391
963391
963403
963620
963647
963714
963920
963936
963981
964188
964356
964483
964483
964603
964619
964632
964718
964915
964981
965022
965070
965154
965181
965291
965329
965351
965478
965502
965541
965594
965734
965834
965945
965956
965974
966018
966124
966199
966232
966382
966491
966561
966659
966746
966799
966878
966902
966921
966984
967196
967211
967425
967582
967719
967867
967945
968130
968131
968186
968268
968273
968293
968302
968628
968658
968751
968758
968847
968992
969013
969071
969082
969173
969276
969297
969474
969544
969656
969709
969746
969754
969946
969997
970038
970183
970294
970320
970376
970449
970512
970537
970568
970609
970917
970967
971039
971060
971123
971154
971197
971469
971529
971553
971578
971593
971707
971728
971929
972119
972167
972180
972470
972551
972621
972717
972779
972836
972962
973006
973039
973077
973099
973222
973303
973347
973414
973642
973739
973865
973868
973892
974310
974399
974430
974508
974711
974760
974940
974956
975111
975111
975121
975136
975182
975184
975273
975278
975342
975445
975639
975666
975909
975948
976220
976586
976685
976852
977077
977220
977282
977359
977508
977528
977543
977586
977659
977747
977767
977972
978007
978035
978183
978250
978320
978517
978566
978804
978842
979083
979165
979214
979264
979431
979644
979675
979715
979764
979875
980018
980138
980148
980226
980228
980253
980311
980339
980411
980469
980478
980606
980776
980872
980875
980977
981068
981122
981208
981215
981252
981460
981815
981857
982262
982266
982297
982390
982471
982767
982966
983000
983017
983106
983328
983440
983574
983904
983927
984079
984174
984247
984303
984317
984359
984573
984587
984625
984735
984794
984812
984881
984940
985079
985307
985530
985591
985872
986273
986395
986486
986518
986578
986696
986771
986912
986950
987116
987303
987402
987542
987594
987682
988164
988423
988546
988593
988676
988686
988733
988822
989038
989141
989185
989284
989329
989410
989766
989768
989859
989924
990201
990264
990296
990322
990567
990813
990839
990960
991005
991022
991052
991075
991087
991089
991118
991210
991300
991514
991548
991549
991593
991640
991995
992019
992172
992233
992256
992315
992333
992335
992435
992500
992598
992639
992885
992955
993038
993113
993462
993473
993532
993637
993638
993699
993841
994074
994100
994105
994143
994309
994452
994491
994633
994661
994741
994761
995040
995208
995250
995379
995380
995387
995402
995423
995426
995581
995610
995640
995746
995859
995897
996075
996443
996489
996494
996624
996643
996665
996691
996700
996792
996832
996893
996906
996939
996952
997161
997303
997466
997576
997745
997761
997805
997816
997960
998117
998214
998308
998363
998371
998497
998829
998841
998957
999065
999070
999142
999153
999153
999394
999410
999454
999637
999711
999904
999953
