100063
100068
100138
100274
100382
100384
100551
100597
100621
100632
100674
100846
100855
101145
101164
101330
101424
101445
101622
101905
101935
101939
101971
102020
102051
102068
102118
102227
102387
102491
102499
102549
102572
102574
102598
102659
102766
102800
102843
102857
102892
102916
102951
102988
102995
103091
103231
103294
103446
103545
103553
103675
103715
103785
103856
103906
104229
104336
104580
104728
104903
105153
105367
105395
105426
105459
105521
105637
105746
105838
106012
106519
106653
106711
106757
106979
107078
107128
107153
107159
107331
107367
107413
107434
107467
107519
107641
107736
107829
108114
108489
108518
108528
108537
108597
108606
108608
108794
108945
109285
109525
109605
109685
109787
109893
109931
109957
110029
110192
110263
110370
110394
110491
110584
110642
110802
110834
110922
110942
111063
111155
111345
111383
111544
111558
111579
111734
111745
111757
111891
111940
112066
112124
112137
112237
112346
112571
112635
112936
113061
113071
113258
113276
113282
113525
113650
113691
113952
114021
114103
114281
114306
114329
114466
114487
114507
114581
114671
114700
114910
114925
114971
115057
115132
115234
115241
115258
115268
115437
115758
115818
115986
116019
116231
116304
116440
116613
116674
116692
116702
116947
116970
117009
117123
117249
117419
117544
117565
117687
117755
118135
118273
118376
118471
118573
118804
118955
119083
119131
119131
119135
119149
119163
119230
119425
119485
119524
119602
119657
119690
119788
119828
119920
119942
119942
120079
120123
120176
120235
120395
120468
120600
120630
120749
120909
120938
121067
121230
121400
121409
121819
121845
121876
122269
122444
122563
122589
122612
122745
122801
122949
122995
123001
123071
123204
123384
123631
123663
123719
123955
124094
124171
124184
124277
124357
124375
124445
124468
124530
124555
124745
124974
125084
125119
125316
125518
125603
125655
125690
125711
125836
125980
125984
126024
126128
126159
126463
126492
126574
126580
126637
126715
126781
126865
127167
127233
127255
127297
127378
127461
127616
127645
127753
127771
128011
128086
128155
128215
128249
128649
128654
128765
128927
128934
128950
129009
129188
129247
129338
129425
129476
129492
129664
129963
129997
130018
130360
130597
130662
130856
131027
131033
131322
131332
131393
131396
131559
131560
131577
131607
131638
131644
131778
131941
132235
132307
132431
132436
132506
132555
132598
132904
133099
133144
133173
133180
133296
133525
133603
133716
133732
133764
133853
134094
134100
134280
134305
134334
134455
134520
134619
134623
134766
134843
134891
134957
134984
135092
135195
135364
135507
135654
135798
135884
135891
135937
135951
135974
135990
136091
136141
136174
136215
136321
136432
136450
136473
136509
136539
136573
136674
136822
136923
137015
137027
137187
137639
137683
137689
137698
137765
137853
137889
138087
138224
138242
138336
138385
138466
138601
138641
138695
138750
138929
138987
139000
139154
139176
139182
139487
139540
139571
139679
139980
140080
140098
140099
140105
140125
140218
140332
140527
140580
140649
140655
140696
140942
140968
140992
141017
141414
141417
141528
141643
141881
142058
142081
142085
142108
142145
142268
142366
142413
142545
142747
142761
142822
142954
143084
143252
143312
143319
143748
143763
143811
143880
143919
144050
144052
144106
144366
144571
144769
144814
144841
144856
144897
145026
145098
145132
145138
145329
145358
145490
145780
145782
145834
145898
145949
146071
146588
146672
146672
146748
146759
146816
146912
146955
147039
147129
147298
147305
147311
147372
147396
147417
147465
147471
147535
147575
147592
147606
147787
147922
147980
147982
148105
148144
148441
148457
148506
148546
148655
148715
148815
149010
149074
149088
149235
149252
149394
149437
149474
149561
149640
149642
149693
149926
149945
150167
150246
150333
150344
150359
150365
150370
150393
150532
150623
150917
151030
151035
151054
151249
151371
151412
151489
151518
151672
151678
151697
151730
151829
151864
152007
152047
152182
152217
152235
152238
152246
152262
152542
152643
152771
152791
152795
152891
152957
152998
153028
153075
153198
153365
153379
153597
153684
153801
153890
153984
154025
154147
154248
154292
154382
154385
154419
154641
154735
154913
154927
154935
154940
155312
155318
155608
155653
155765
156206
156216
156284
156406
156586
156783
156941
157123
157168
157321
157436
157553
157911
158050
158200
158261
158291
158342
158416
158423
158431
158524
158565
158665
158757
158859
158900
158906
159039
159134
159235
159284
159343
159369
159404
159512
159576
159606
159613
159735
159830
159905
160040
160054
160131
160140
160343
160452
160470
160623
160792
160892
161075
161243
161283
161383
161411
161475
161557
161573
161670
161775
161799
162037
162223
162266
162481
162686
162707
162715
162743
162854
162862
162899
162918
162932
163133
163211
163330
163428
163457
163497
163578
163669
163720
163850
163886
164075
164170
164228
164236
164366
164389
164573
164634
164722
164822
164846
164967
165137
165166
165297
165384
165461
165557
165677
165720
165857
165918
165919
165924
165943
166154
166235
166258
166324
166631
166653
166741
166818
166839
166937
166949
167145
167285
167312
167403
167414
167424
167472
167509
167566
167584
167673
167895
168222
168231
168239
168269
168294
168295
168514
168539
168553
169159
169223
169227
169311
169327
169359
169543
169618
169755
169764
169767
169813
169848
170026
170293
170393
170418
170462
170731
170749
170785
170797
170944
171104
171211
171227
171269
171342
171523
171640
171713
171792
171809
171829
172063
172070
172237
172336
172477
172503
172562
172623
172685
172771
173003
173031
173073
173119
173431
173542
173542
173543
173611
173748
174069
174112
174121
174142
174191
174496
174989
175197
175341
175377
175399
175665
175680
175911
176033
176046
176202
176232
176232
176264
176316
176377
176426
176666
177021
177152
177158
177255
177354
177432
177550
177732
177795
177824
177832
177948
177970
178131
178201
178257
178507
178527
178532
178623
178748
178788
179118
179291
179515
179810
179917
179958
180067
180260
180333
180403
180541
180670
180811
180814
180817
181064
181179
181263
181286
181520
181523
181534
181630
181727
181753
181783
181807
181858
182006
182080
182140
182153
182156
182191
182197
182239
182438
182445
182483
182797
182800
182816
182954
183183
183200
183299
183301
183303
183366
183441
183505
183608
183642
183718
183818
183868
183890
183967
184036
184276
184281
184339
184359
184394
184520
184655
184937
184951
185029
185038
185095
185465
185506
185647
185739
185900
186059
186174
186257
186439
186621
186679
186786
187165
187558
187652
187695
187713
187747
187967
188056
188319
188338
188701
188732
188928
189004
189136
189158
189342
189462
189464
189594
189603
189797
189891
189948
189987
190143
190157
190200
190243
190285
190306
190308
190353
190433
190443
190512
190568
190634
190657
190678
190755
190881
190967
191112
191337
191559
191673
191680
191831
192107
192236
192241
192289
192360
192369
192414
192471
192513
192537
192551
192966
193016
193199
193301
193361
193635
193803
193804
193856
193887
193982
193987
194065
194103
194122
194553
194716
194725
194745
194811
194834
194835
194915
195001
195138
195154
195216
195226
195470
195499
195517
195566
195586
195698
195935
195962
196065
196180
196319
196363
196378
196403
196419
196465
196472
196565
196609
196765
196861
196967
197119
197536
197595
197612
197614
197652
197928
197984
198091
198509
198522
198725
198880
199009
199070
199136
199143
199244
199370
199421
199515
199535
199672
199788
199908
199969
200095
200116
200150
200223
200337
200411
200489
200568
200634
200702
200808
201051
201064
201248
201253
201375
201397
201530
201853
202278
202459
202502
202553
202775
202808
202840
202876
202938
203015
203053
203153
203278
203320
203352
203516
203544
203853
204079
204306
204340
204365
204489
204571
204586
204870
204875
205103
205145
205264
205396
205408
205736
205833
205931
205940
206130
206231
206538
206542
206669
206708
206734
206775
207036
207104
207266
207305
207452
207511
207530
207533
207541
207560
207561
207577
207581
207646
207701
207904
207957
208110
208130
208275
208345
208392
208467
208504
208587
208591
208654
208701
208829
208939
208996
209001
209110
209197
209221
209233
209276
209432
209546
209855
209877
210031
210068
210117
210200
210223
210235
210453
210458
210466
210563
210566
210583
210678
210802
210914
211060
211304
211358
211592
211651
211668
211718
211864
212026
212151
212157
212279
212398
212399
212583
212788
212892
213057
213526
213548
213691
213853
214069
214075
214095
214234
214267
214336
214363
214387
214395
214619
214701
214768
214783
214803
214815
214883
215011
215031
215400
215546
215646
215717
215718
215959
215971
216134
216281
216364
216540
216594
216725
216743
216759
216820
216835
216899
216960
216974
217092
217116
217196
217260
217278
217320
217400
217582
217594
217664
217687
217792
217802
217857
218038
218085
218141
218236
218240
218353
218361
218502
218517
218627
218671
218683
218744
218765
218867
218895
219267
219267
219323
219338
219492
219532
219574
219575
219774
219833
220052
220227
220266
220336
220389
220817
220906
221023
221136
221206
221280
221395
221509
221544
221584
221643
221734
221908
221929
221983
222005
222306
222344
222391
222409
222542
222568
222709
222728
222790
222843
222924
223196
223299
223380
223430
223444
223609
223617
223657
223756
223816
223839
223856
223983
224067
224102
224132
224182
224342
224512
224750
224790
224936
224966
224988
225032
225095
225198
225238
225279
225284
225586
225644
225756
225786
225905
226049
226080
226138
226586
226637
226732
227105
227517
227595
227660
227672
227693
227736
227999
228030
228182
228282
228313
228392
228629
228641
228713
228806
228872
228884
228978
229025
229163
229207
229352
229471
229627
229846
229854
229865
229869
229904
230020
230061
230324
230330
230344
230405
230420
230427
230430
230440
230522
230713
230805
230831
230953
231141
231190
231238
231276
231453
231830
231889
231899
231946
232043
232343
232452
232466
232762
232900
232907
232988
233005
233006
233013
233039
233146
233150
233300
233579
233629
233641
233835
233863
233883
233938
233939
234407
234510
234534
234598
234751
234837
234855
234933
234974
235034
235115
235310
235346
235467
235536
235592
235637
235669
235734
235862
236306
236403
236426
236462
236476
236555
236748
237017
237166
237400
237549
237554
237776
237781
237804
237926
237942
238050
238091
238127
238190
238239
238291
238344
238349
238557
238604
238615
238873
238883
238886
239053
239119
239170
239282
239430
239817
239917
239981
240195
240454
240539
240859
240877
240906
240977
241027
241039
241191
241684
241711
241824
241988
242115
242135
242302
242406
242453
242484
242594
242639
242656
242768
242780
242831
242840
242847
242847
243033
243094
243111
243140
243189
243410
243696
243770
243866
243996
244032
244049
244161
244211
244240
244372
244838
244940
244962
245060
245105
245107
245473
245488
245986
245986
246127
246127
246137
246245
246246
246268
246298
246303
246327
246353
246488
246499
246573
246731
246935
246973
247034
247061
247107
247160
247446
247465
247488
247574
247609
247848
247849
247860
247863
248007
248028
248331
248357
248374
248408
248441
248443
248453
248482
248551
248553
248628
248728
248860
249225
249315
249357
249570
249609
249718
250104
250104
250165
250195
250217
250317
250370
250531
250532
250596
250618
250660
250895
250901
251258
251345
251541
251565
251585
251625
251778
251779
251834
251927
251981
252190
252204
252293
252307
252316
252336
252357
252515
252535
252555
252587
252603
252620
252893
253145
253164
253227
253428
253468
253490
253751
253783
253812
253927
253990
253999
254066
254181
254282
254292
254426
254440
254473
254519
254527
254627
254703
254762
254865
254884
254952
254999
255003
255013
255153
255255
255298
255345
255388
255519
255572
255747
255778
255845
255847
255968
255977
256030
256033
256119
256256
256394
256409
256496
256512
256606
256614
256833
256881
256950
257053
257301
257365
257401
257622
257723
257746
257758
257760
257852
257857
257880
258013
258049
258052
258146
258210
258264
258538
258747
258751
258823
258868
258979
259006
259076
259095
259203
259333
259341
259427
259458
259489
259609
259631
259687
259903
259945
259968
260241
260241
260267
260311
260387
260425
260602
260631
260685
260765
261030
261093
261219
261249
261281
261318
261468
261509
261563
261580
261611
261646
261851
261881
261909
261957
262039
262085
262086
262274
262276
262337
262372
262579
262604
262676
262686
262706
262713
262798
262823
262854
263001
263153
263214
263218
263221
263380
263524
263618
263640
263660
263776
263907
263908
264490
264561
264706
264721
264793
264816
264862
264941
265107
265112
265136
265260
265601
265800
265887
265986
266008
266149
266222
266245
266253
266343
266532
266607
266828
266923
266992
267081
267244
267761
267827
267848
267884
267961
268130
268173
268216
268447
268555
268585
268697
268864
268875
269258
269334
269416
269488
269576
269592
269626
269685
269778
269780
269873
269954
270009
270090
270094
270172
270187
270307
270308
270350
270350
270393
270450
270705
270798
270928
270929
270939
271220
271318
271431
271728
271817
271822
271967
272218
272226
272327
272359
272399
272411
272507
272818
272875
273116
273153
273252
273270
273341
273397
273602
273689
273691
273700
273842
273876
274089
274108
274266
274286
274348
274363
274383
274529
274626
274700
274743
275137
275310
275352
275450
275497
275519
275584
275647
275723
275972
276031
276041
276355
276426
276564
276676
276723
276743
276793
277026
277104
277129
277418
277536
277700
277757
277836
278081
278123
278218
278242
278323
278338
278391
278455
278488
278499
278564
278595
278628
278634
278654
279007
279080
279105
279155
279304
279370
279721
279825
279921
280009
280126
280271
280300
280309
280333
280450
280472
280533
280779
280791
280892
281007
281041
281089
281130
281244
281331
281384
281406
281412
281449
281458
281461
281479
281606
281697
281805
281862
281949
281998
282007
282218
282352
282405
282456
282565
282606
282619
282643
282673
282779
282972
282997
283079
283181
283237
283279
283326
283344
283353
283354
283529
283542
283613
283884
284038
284279
284285
284293
284321
284355
284428
284508
284631
284776
284878
284956
285086
285131
285261
285281
285352
285395
285566
285876
285933
285935
286040
286132
286273
286337
286455
286469
286614
286687
287092
287205
287271
287381
287673
287827
287920
288013
288148
288244
288448
288489
288494
288598
288623
288656
288666
288735
288914
289050
289085
289204
289271
289305
289323
289350
289551
289600
289758
289791
289969
290032
290040
290428
290430
290459
290481
290507
290598
290600
290706
290782
290916
290976
291207
291302
291359
291428
291435
291526
291716
291796
291801
291888
291967
292179
292205
292270
292459
292530
292685
292952
293041
293262
293270
293341
293495
293589
293725
293741
293812
293930
293979
294024
294132
294211
294250
294284
294298
294678
294715
294869
294972
295076
295149
295262
295306
295316
295424
295498
295524
295529
295720
295882
295903
296014
296110
296155
296156
296279
296372
296387
296654
296662
296671
296724
296753
296798
297048
297229
297361
297412
297642
297805
298217
298518
298782
298847
298858
298908
298971
298996
299054
299177
299195
299362
299544
299638
299962
300001
300200
300267
300308
300595
300767
300849
300888
300907
300942
301206
301336
301349
301426
301577
301581
301735
301799
301825
301874
301985
302066
302097
302137
302277
302407
302458
302566
302588
302593
302624
302719
303095
303105
303178
303415
303417
303668
303744
303959
303961
304177
304284
304468
304512
304647
304792
304813
305057
305147
305167
305194
305345
305714
305829
305847
305870
305976
306016
306401
306440
306763
306764
306861
306900
306951
307010
307132
307164
307225
307279
307283
307341
307727
307840
307860
307874
308132
308227
308345
308367
308369
308374
308506
308606
308823
309028
309051
309153
309248
309326
309506
309537
309675
309686
309751
309862
309868
309898
309919
310061
310317
310370
310509
310682
310683
310787
310843
310972
311071
311225
311271
311282
311522
311552
311596
311703
311706
311791
311879
311967
312036
312093
312246
312366
312397
312460
312550
312628
312787
312908
312912
313273
313332
313344
313525
313532
313547
313563
313596
313905
313982
313999
314136
314154
314305
314423
314425
314445
314589
314658
314893
314970
315015
315179
315209
315226
315325
315336
315365
315371
315379
315440
315481
315535
315548
315574
315692
315974
316059
316063
316203
316236
316398
316479
316603
316656
316692
316697
316836
316848
316886
316948
317027
317088
317144
317195
317200
317262
317315
317408
317548
317566
317571
317601
317617
317673
317683
317735
317752
317923
318015
318031
318099
318256
318622
318649
318703
318786
318787
318805
319164
319190
319300
319441
319514
319566
319570
319757
319771
319772
319830
319886
319906
320050
320169
320237
320392
320459
320615
320619
320625
320660
320750
320907
321033
321157
321255
321685
321972
322013
322193
322219
322304
322445
322471
322472
322570
322573
322669
322939
323018
323130
323146
323255
323381
323436
323464
323552
323577
323714
323854
323879
323988
323995
324031
324090
324327
324412
324446
324654
324715
325010
325134
325172
325297
325373
325476
325593
325640
325845
325894
325974
325981
325989
326359
326385
326458
326485
326685
326798
326872
326997
327131
327485
327575
327800
327802
327840
327984
328101
328107
328124
328283
328343
328462
328540
328654
328710
328738
328743
328892
328900
329055
329138
329192
329265
329274
329431
329433
329501
329593
329905
329960
329961
330107
330119
330142
330165
330169
330183
330247
330308
330397
330483
330490
330552
330675
330826
330987
331017
331021
331028
331032
331044
331159
331162
331216
331217
331228
331254
331259
331452
331763
331838
331848
331951
332079
332111
332113
332251
332305
332310
332683
332733
332838
333034
333185
333229
333552
333591
333616
333646
333796
333821
333846
334046
334056
334247
334251
334495
334654
334668
334803
334880
334936
334997
335166
335218
335353
335386
335388
335417
335429
335524
335546
335568
335588
335724
335740
335788
335792
336040
336356
336382
336490
336491
336498
336606
336719
336758
336770
336849
337008
337185
337248
337291
337378
337463
337645
337710
337793
337943
337944
338025
338069
338092
338441
338724
338866
338905
338922
339133
339245
339423
339433
339490
339884
339962
339988
340080
340101
340150
340214
340404
340778
340830
341340
341463
341463
341464
341665
341702
341789
341815
341994
342015
342017
342097
342105
342338
342461
342727
342727
342738
342835
343115
343280
343488
343489
344044
344201
344247
344433
344478
344502
344519
344548
344728
344840
344861
344906
345048
345154
345206
345218
345247
345378
345481
345720
345865
345937
346129
346217
346233
346407
346417
346442
346517
346745
346785
346895
347290
347335
347523
347528
347540
347636
347661
347799
347836
348148
348165
348258
348272
348696
349144
349147
349204
349266
349306
349330
349341
349564
349592
349750
349924
349951
350090
350100
350116
350304
350315
350504
350512
350547
350714
350750
350829
350915
350946
351006
351147
351388
351394
351446
351453
351516
351691
351721
351830
352039
352058
352103
352236
352348
352703
352785
352806
352833
352951
353093
353142
353223
353269
353367
353391
353395
353462
353494
353536
353704
353780
353815
353868
353902
354484
354528
354552
354567
354596
354781
354798
354852
354979
354991
355117
355139
355380
355421
355470
355593
355681
355961
355981
356022
356039
356116
356307
356308
356346
356439
356440
356563
356678
356712
356837
357189
357220
357673
357681
357714
357750
357798
358045
358143
358186
358304
358375
358398
358401
358416
358441
358482
358485
358523
358544
358556
358743
358939
358966
359033
359125
359133
359432
359459
359599
359630
359859
359869
359898
360034
360065
360067
360169
360181
360188
360260
360524
360568
360633
360715
360755
360770
360823
361016
361085
361097
361197
361227
361337
361380
361387
361497
361569
361571
361799
361828
362042
362113
362246
362536
362581
362600
362606
362633
362711
362766
362933
362984
363032
363073
363100
363115
363306
363375
363610
363763
363861
363890
363905
364024
364029
364044
364143
364216
364313
364324
364358
364492
364498
364636
364664
364767
364769
364882
364963
365066
365067
365153
365159
365255
365267
365281
365351
365426
365552
365565
365569
365654
365805
365876
365903
365932
366056
366119
366198
366335
366415
366503
366661
366747
366784
366922
366959
366976
366980
367004
367023
367051
367159
367295
367409
367415
367540
367576
367799
367820
367889
368103
368578
368677
368753
368789
368818
369018
369078
369109
369119
369126
369130
369173
369196
369240
369291
369330
369403
369594
369620
369624
369661
369673
370005
370006
370029
370030
370057
370160
370343
370441
370829
371064
371071
371107
371127
371356
371405
371490
371495
371559
371576
371888
371971
372144
372242
372312
372361
372656
372781
372789
372911
372969
373000
373066
373133
373189
373195
373232
373412
373558
373615
373617
373698
373734
374126
374131
374143
374165
374208
374264
374302
374557
374707
374871
374880
375110
375138
375235
375333
375352
375494
375644
375649
375683
375741
375859
376020
376038
376105
376131
376199
376221
376261
376388
376399
376654
376668
376735
376770
376824
376840
376899
376901
376955
377096
377198
377223
377312
377539
377593
377680
377702
377739
377746
377828
377846
377866
377873
377885
377929
377935
377978
378018
378373
378426
378566
378744
378874
379019
379110
379130
379222
379242
379267
379314
379473
379473
379617
380130
380157
380347
380404
380420
380421
380433
380457
380470
380650
380729
380729
380808
380856
380893
380894
381018
381037
381176
381416
381502
381687
381772
381839
381876
381992
382036
382103
382198
382205
382407
382437
382519
382554
382772
383015
383109
383133
383311
383351
383360
383415
383455
383527
383596
383641
383677
383715
383877
383908
383931
383986
384286
384417
384455
384534
384606
384821
384875
385042
385142
385184
385287
385358
385442
385483
385898
386078
386097
386148
386180
386192
386210
386273
386412
386420
386568
386622
386779
386837
386916
387225
387271
387369
387424
387526
387533
387550
387604
387932
387961
388229
388486
388892
389004
389228
389350
389370
389552
389554
389616
389923
390073
390098
390100
390133
390272
390292
390353
390377
390439
390589
390618
390655
390797
391138
391310
391627
391640
391675
391702
391703
391843
391847
391863
391943
392069
392250
392291
392313
392331
392353
392448
392465
392540
392587
392595
392633
392753
392775
392791
392860
393045
393169
393184
393243
393257
393273
393422
393492
393529
393610
393663
393735
393908
393942
393966
394045
394184
394293
394306
394438
394690
394804
394856
394886
394891
394937
394947
395266
395501
395553
395621
395697
395740
395898
395917
396107
396210
396288
396299
396387
396389
396419
396436
396466
396672
397134
397212
397490
397539
397546
397610
397725
397729
397798
397874
397883
397888
398097
398171
398234
398285
398429
398463
398607
398633
398724
398853
399013
399086
399148
399294
399309
399434
399642
399731
399747
399890
399940
400180
400182
400430
400613
400651
400715
400715
400774
400900
400915
400943
401059
401096
401209
401214
401367
401413
401426
401586
401596
401772
401846
401903
402034
402108
402268
402291
402655
402799
402883
402915
402938
402977
403045
403153
403169
403174
403295
403335
403627
403763
403801
403924
403939
403962
404051
404083
404192
404209
404262
404329
404365
404532
404610
404724
404782
404882
405401
405413
405458
405506
405664
405677
405692
405932
405965
406024
406110
406205
406321
406371
406394
406477
406690
406734
406755
406862
406945
407055
407446
407474
407717
407738
407780
407970
408012
408039
408074
408177
408328
408354
408368
408431
408471
408600
408806
408917
408955
409000
409092
409112
409188
409231
409318
409482
409516
409646
409680
409686
409764
409801
409863
409971
409977
410061
410135
410244
410322
410459
410630
410738
410742
411220
411347
411348
411364
411542
411823
411900
411978
411991
412248
412251
412348
412368
412632
412820
412868
412982
413058
413107
413136
413470
413482
413488
413775
413798
413811
413880
413886
413950
414245
414578
414670
414678
414761
414795
414964
415038
415046
415088
415240
415321
415454
415491
415545
415613
415860
415869
415878
415957
416020
416060
416096
416174
416189
416260
416303
416329
416611
416691
416763
416883
416914
416996
417496
417570
417597
417723
418184
418415
418465
418470
418524
418618
418635
418709
418720
418789
418791
418853
418955
419034
419057
419067
419096
419146
419367
419403
419478
419631
419692
419764
419834
419844
419916
420117
420195
420246
420428
420624
420625
420981
421129
421153
421221
421437
421487
421542
421623
421647
421667
421691
422030
422206
422268
422338
422371
422376
422442
422542
422727
422774
422812
422948
422949
422958
423048
423087
423175
423271
423384
423601
423727
423802
423983
424007
424081
424121
424315
424323
424523
424590
424769
424864
425089
425154
425257
425320
425330
425362
425365
425401
425607
425703
425776
425908
426055
426059
426214
426361
426387
426571
426575
426583
426677
426683
426703
426893
427024
427169
427217
427295
427698
428084
428239
428245
428254
428260
428261
428333
428356
428456
428485
428718
428727
428966
429088
429268
429268
429288
429349
429364
429383
429414
429628
429661
429708
429708
429814
429893
430120
430187
430188
430374
430388
430426
430666
430730
430770
430913
430976
431314
431549
431602
431681
431777
431892
432068
432316
432380
432408
432424
432477
432585
432594
432635
432730
432998
433063
433127
433137
433197
433312
433331
433387
433464
433919
433969
434113
434238
434265
434384
434515
434555
434626
434673
434720
434724
434797
434965
435234
435246
435256
435315
435322
435381
435470
435481
435555
435652
435689
435707
435777
435911
435950
436016
436039
436107
436226
436369
436433
436508
436570
436701
436963
437184
437236
437250
437272
437390
437413
437462
437480
437505
437627
437971
438114
438386
438394
438405
438412
438415
438466
438553
438582
438733
438785
438870
439008
439029
439078
439233
439290
439450
439452
439642
439658
439809
439847
439872
439873
439907
440011
440286
440333
440424
440525
440550
440839
440949
441129
441155
441262
441373
441382
441409
441478
441497
441645
441773
441837
441851
441857
442031
442032
442125
442200
442227
442271
442289
442291
442407
442596
442596
442605
442666
442744
442774
442847
442865
442885
443032
443157
443175
443402
443557
443583
443778
443879
443880
444661
444770
444821
445112
445139
445236
445257
445418
445524
445556
445601
445661
445819
445831
445925
446049
446118
446235
446369
446420
446420
446422
446545
446550
446628
447000
447072
447441
447520
447531
447638
447711
447828
447875
448050
448067
448163
448235
448334
448412
448532
448589
448602
448719
448746
448834
448895
448938
448966
449329
449378
449426
449450
449459
449613
449621
449716
449742
449859
449937
450141
450171
450203
450222
450365
450585
450601
450704
450780
450890
451074
451209
451288
451326
451860
452017
452118
452191
452321
452344
452354
452426
452476
452581
452651
452685
452698
452699
452709
452836
452917
453051
453090
453183
453270
453300
453332
453402
453444
453658
453801
453911
453913
453973
454076
454078
454335
454359
454362
454406
454422
454502
454560
454653
454730
454737
454923
454941
455089
455137
455229
455254
455510
455641
455719
455770
455791
455967
455996
456015
456077
456089
456121
456150
456170
456328
456331
456358
456404
456411
456436
456808
456811
457052
457122
457236
457394
457421
457445
457453
457577
457648
457649
457722
457727
457781
457788
457794
457798
458042
458081
458258
458336
458523
458851
459019
459048
459050
459071
459128
459409
459419
459448
459639
459656
459696
459710
459798
459833
459930
460154
460291
460373
460379
460406
460476
460484
460500
460657
460870
460899
460999
461231
461263
461351
461365
461369
461403
461476
461543
461686
461766
461777
461810
461848
461896
461910
461995
462093
462204
462277
462549
462557
462558
462651
462674
462721
462903
463142
463414
463702
463731
463780
464017
464030
464107
464128
464159
464276
464412
464422
464696
464708
464852
464866
464985
465038
465256
465273
465345
465476
465620
465740
465849
465883
465930
466022
466101
466121
466202
466239
466298
466425
466817
466896
467075
467076
467266
467538
467688
467707
467841
467923
468185
468201
468210
468460
468486
468639
468650
468661
468666
468681
468704
468944
469144
469173
469211
469319
469375
469748
469768
469982
470196
470197
470412
470465
470485
470562
470575
470589
470608
470640
470719
470788
470998
471341
471347
471481
471624
471662
471814
471862
471880
472088
472143
472193
472360
472524
472546
472550
472666
472688
472913
472947
473087
473336
473391
473411
473498
473519
473876
473957
474078
474101
474375
474423
474577
474689
474723
474811
474821
474823
474936
474970
475060
475195
475328
475483
475521
475874
475892
476037
476054
476211
476257
476371
476399
476459
476552
476663
477047
477199
477212
477217
477264
477288
477296
477339
477415
477428
477452
477553
477595
477676
477735
477889
478017
478054
478127
478202
478303
478430
478480
478504
478787
479007
479165
479177
479196
479361
479461
479603
479979
480048
480052
480110
480212
480241
480267
480298
480361
480512
480531
480621
480626
480642
480696
480836
480843
480974
480995
480999
481002
481025
481105
481390
481558
481648
481688
481696
481712
481990
482001
482091
482290
482315
482361
482465
482625
482646
482704
482713
482806
482807
483233
483247
483279
483306
483330
483394
483425
483441
483494
483548
483965
483991
484159
484230
484484
484507
484698
484707
484770
484854
485068
485104
485286
485400
485418
485489
485512
485956
486150
486204
486253
486289
486452
486684
486829
486931
487062
487136
487177
487211
487266
487286
487517
487626
487692
487766
487778
487811
488012
488153
488236
488316
488484
488488
488558
488596
488686
488906
488914
488933
489084
489094
489173
489244
489281
489377
489389
489391
489519
489538
489601
489646
489685
489814
489843
490113
490123
490270
490315
490325
490512
490624
490673
490799
490840
490867
490886
490888
491021
491133
491140
491143
491221
491286
491391
491397
491475
491597
491601
491897
491929
491951
491991
492170
492174
492209
492479
492686
492768
492783
492862
492893
492924
492934
493061
493070
493097
493173
493352
493356
493474
493480
493507
493619
493741
493852
493853
493991
494019
494046
494059
494209
494262
494376
494379
494454
494486
494632
494721
494758
494805
494885
494916
494955
494955
495020
495106
495187
495360
495411
495485
495536
495588
495609
495812
495867
495961
496141
496160
496314
496372
496376
496714
496766
496797
496805
496844
496863
497003
497096
497112
497254
497262
497358
497619
497856
497920
497949
498011
498055
498393
498466
498687
498951
498999
499195
499330
499332
499482
499501
499585
499661
499747
499852
499964
500305
500474
500493
500707
500720
500728
500749
500769
500792
500797
500855
500897
501296
501304
501504
501575
501736
501819
501838
501887
501888
501956
502104
502108
502154
502161
502380
502455
502576
502583
502632
502645
502697
502731
502865
502978
503011
503014
503189
503410
503435
503508
503562
503650
503717
503748
504078
504300
504304
504385
504467
504479
504629
504782
504785
504816
504883
504996
505070
505191
505200
505300
505319
505466
505485
505711
505775
505871
506100
506141
506198
506256
506413
506547
506552
506628
506660
506882
506932
507075
507134
507158
507556
507753
507977
508020
508098
508312
508427
508481
508580
508593
508636
508939
508945
509033
509036
509165
509287
509494
509513
509535
509629
509647
509694
509745
509752
509895
509968
510106
510148
510172
510181
510465
510550
510702
510735
511001
511071
511108
511148
511256
511403
511504
511511
511557
511577
511702
511876
511916
512031
512050
512383
512390
512596
512640
512819
512898
512988
513068
513108
513149
513182
513244
513341
513373
513452
513478
513690
513728
513936
514131
514155
514212
514323
514435
514532
514654
514655
514923
514976
514998
515092
515478
515706
515853
515884
515906
515935
516096
516164
516318
516320
516480
516755
516801
516899
516923
517020
517057
517161
517201
517231
517381
517852
518103
518163
518213
518322
518327
518341
518390
518516
518525
518542
518574
518618
518702
518743
518750
518835
518971
518978
519103
519108
519157
519351
519474
519553
519553
519557
519568
519625
519826
519883
519893
519991
519993
520096
520182
520194
520204
520339
520368
520584
520677
520689
520833
520984
521117
521127
521333
521452
521592
521710
521763
521898
522018
522171
522177
522186
522226
522244
522308
522318
522345
522395
522421
522440
522648
522710
522724
522785
522819
522907
523364
523377
523479
523518
523612
523631
523651
523856
523958
524024
524062
524299
524479
524820
525123
525275
525290
525298
525367
525447
525480
525570
525905
525963
526033
526099
526123
526164
526177
526199
526424
526470
526523
526565
526598
526599
526705
526982
527098
527103
527155
527160
527309
527359
527364
527391
527455
527508
527763
527909
527932
527946
527974
527983
527991
528066
528244
528260
528287
528327
528342
528428
528436
528478
529101
529195
529236
529302
529538
529544
529618
529635
529651
529848
529965
529977
530213
530264
530280
530301
530435
530447
530578
530598
530680
530891
530907
531022
531094
531183
531190
531566
531795
531842
531891
532132
532135
532260
532422
532539
532626
532823
532913
532985
533092
533132
533251
533257
533260
533264
533298
533421
533453
533496
533579
533833
533880
533907
533919
533990
534000
534020
534056
534080
534165
534206
534221
534234
534307
534365
534373
534463
534484
534493
534510
534555
534616
534734
534741
534788
534831
535026
535064
535165
535201
535231
535368
535434
535508
535587
535595
535635
535641
535708
535748
535759
535871
536224
536239
536634
536740
536821
536995
537095
537262
537293
537419
537530
537658
537740
537758
537843
538010
538068
538134
538204
538405
538484
538539
538591
538711
538810
538852
538910
539035
539133
539170
539188
539357
539711
539728
539748
539844
539847
539891
540071
540172
540227
540278
540418
540529
540559
540562
540573
540804
540910
540931
541051
541246
541318
541634
541663
541762
541802
541840
541908
541984
542154
542178
542334
542480
542638
542718
542723
542787
542858
543049
543050
543168
543333
543429
543446
543511
543541
543677
543680
543681
543706
543760
543762
543773
543840
543890
543950
544131
544207
544629
544643
544645
544685
544828
544852
545184
545236
545241
545432
545437
545595
545684
545813
545896
545954
546089
546109
546210
546213
546384
546516
546518
546648
546668
546682
546714
546937
547028
547189
547559
547588
547741
547833
547897
547946
548099
548251
548260
548333
548539
548571
548593
548965
548976
549059
549192
549223
549238
549297
549451
549454
549552
549603
549690
549713
549905
550035
550256
550306
550518
550524
550586
550651
550688
550749
550930
551094
551274
551282
551372
551473
551563
551694
551715
551848
551984
552107
552139
552246
552425
552569
552790
552858
552946
553373
553395
553543
553702
553822
553827
553941
553970
554158
554159
554163
554220
554234
554241
554244
554349
554423
554519
554603
554622
554835
555020
555133
555160
555362
555501
555716
555733
555807
555823
556150
556198
556461
556540
556551
556731
556789
556789
556828
556868
557159
557204
557287
557332
557408
557484
557489
557584
557637
557801
557960
558032
558052
558097
558168
558186
558236
558251
558546
558610
558675
558756
558878
558976
558980
559022
559182
559429
559447
559478
559665
559864
559898
560039
560063
560070
560159
560325
560337
560347
560413
560447
560492
560528
560544
560619
560710
560737
560800
560879
560947
561017
561118
561233
561262
561283
561283
561409
561549
561635
561775
561867
561981
562061
562099
562116
562140
562148
562314
562470
562562
562599
562599
562659
562667
562726
562740
562772
562825
563035
563149
563294
563435
563587
563742
563784
563913
563918
564309
564465
564481
564520
564606
564634
564637
564733
564988
565068
565245
565268
565384
565389
565629
565651
565656
565868
565877
565909
565940
565942
566090
566149
566206
566398
566500
566790
566792
566841
566851
567054
567177
567305
567513
567567
567591
567795
567837
567924
568012
568123
568239
568241
568254
568341
568449
568653
568783
568786
568925
569046
569090
569189
569343
569420
569497
569501
569510
569584
569698
569715
569742
569756
569777
569829
569857
569923
569944
570230
570250
570261
570264
570369
570439
570458
570517
570520
570541
570593
570617
570706
570815
571017
571019
571058
571077
571081
571084
571156
571212
571422
571712
571846
572021
572086
572129
572297
572337
572399
572399
572525
572709
572740
572962
573022
573069
573181
573238
573282
573301
573355
573556
573562
573648
573672
573702
573762
574047
574050
574133
574522
574758
574827
574911
574973
575014
575017
575046
575094
575270
575363
575459
575468
575478
575811
576026
576140
576164
576200
576349
576402
576567
576713
576768
576815
577027
577053
577130
577142
577157
577260
577262
577297
577319
577341
577396
577413
577445
577458
577463
577488
577677
577888
577992
578064
578109
578167
578257
578552
578634
578819
578941
578989
579150
579217
579343
579363
579399
579407
579507
579552
579563
579613
579618
579669
579763
579808
579822
579846
579901
579904
579914
580027
580027
580074
580075
580126
580281
580296
580360
580382
580763
580800
580818
580828
580879
580965
580968
580998
581101
581247
581310
581312
581337
581345
581465
581476
581646
581857
581866
581899
582029
582055
582312
582495
582511
582572
582745
582906
582950
583074
583159
583455
583493
583528
583572
583642
583710
583713
583771
583884
583982
584155
584195
584238
584335
584361
584377
584425
584499
584524
584540
584774
585097
585099
585239
585294
585313
585365
585413
585439
585617
585778
585901
586077
586130
586148
586229
586268
586298
586329
586631
586638
586673
586753
586758
586874
586974
586998
587058
587115
587173
587177
587184
587253
587308
587559
587704
587738
587865
587884
587982
588115
588256
588309
588388
588390
588396
588432
588464
588537
588565
588602
588655
588823
589009
589046
589270
589274
589317
589438
589471
589500
589515
589558
589822
589886
589919
590012
590038
590093
590189
590190
590245
590318
590412
590488
590497
590597
590665
590779
590823
590849
590864
590969
591007
591107
591131
591209
591438
591575
591651
591819
591834
592119
592129
592335
592396
592504
592534
592630
592680
592708
592888
592907
592912
592979
593013
593234
593338
593351
593411
593420
593462
593766
593907
593950
594067
594070
594217
594457
594479
594678
594684
594686
594959
595160
595178
595293
595298
595376
595379
595635
595656
595813
595895
595906
595907
596098
596099
596256
596259
596291
596364
596408
596410
596528
596553
597016
597040
597093
597271
597272
597276
597311
597356
597454
597484
597507
597645
597735
597792
597896
598001
598025
598074
598188
598189
598195
598661
598753
598826
599012
599031
599035
599244
599290
599443
599557
599596
599725
599732
600014
600039
600105
600425
600441
600445
600498
600518
600645
600771
600787
600828
600835
600995
601041
601099
601120
601252
601308
601539
601615
601765
601865
601983
602005
602427
602475
602605
602706
602708
602740
602781
602800
602816
602822
602923
603276
603308
603692
603874
604044
604131
604136
604163
604178
604209
604449
604683
604808
604850
604889
605196
605217
605221
605374
605458
605666
605909
606169
606281
606388
606423
606430
606489
606588
606792
607069
607086
607162
607181
607435
607524
607602
607666
607715
607736
607842
607885
607985
608103
608150
608172
608243
608267
608307
608409
608430
608438
608447
608456
608459
608474
608634
608662
608776
608825
608870
608884
609022
609108
609140
609301
609427
609521
609606
609816
609938
609969
610022
610125
610157
610202
610337
610427
610438
610449
610460
610505
610508
610622
610783
610790
610857
610922
611014
611031
611182
611249
611451
611474
611489
611527
611617
611628
611652
611882
611976
611988
612156
612385
612436
612520
612621
612722
612723
612820
612844
612885
612922
612995
613164
613210
613275
613322
613472
613559
613616
613675
613742
613978
614032
614057
614138
614186
614264
614290
614317
614659
614736
614779
614789
614846
614942
614994
615012
615021
615056
615188
615327
615355
615521
615532
615775
615798
615890
616103
616152
616170
616228
616324
616372
616467
616520
616576
616577
616583
616651
616653
616660
616698
616811
616849
616944
617033
617178
617278
617362
617365
617462
617723
617768
617811
617834
617931
618008
618021
618031
618065
618126
618206
618215
618261
618314
618359
618533
618540
618583
618723
618803
618828
619093
619223
619252
619327
619439
619528
619529
619582
619789
619967
620027
620309
620569
620639
620649
620775
620788
620801
620894
620934
621174
621285
621298
621585
621653
621676
621688
621691
621753
621937
622085
622089
622341
622716
622818
622856
622943
623291
623356
623381
623396
623589
623602
623639
623668
623770
623802
623830
624005
624093
624277
624400
624428
624434
624485
624500
624504
624550
624629
624734
624756
624766
624929
625024
625055
625366
625428
625487
625545
625610
625632
625782
626254
626276
626325
626344
626414
626426
626495
626495
626537
626580
626684
626807
626895
627058
627294
627311
627568
627652
627895
627909
627915
627957
628000
628100
628105
628118
628231
628234
628360
628392
628542
628740
628810
628864
628894
628915
628931
629088
629101
629231
629357
629576
629791
629853
629863
629933
629982
629991
630025
630210
630371
630433
630567
630588
630688
630779
630799
630896
631061
631066
631087
631301
631438
631531
631534
631640
631700
631816
631866
631899
631902
631904
631913
631973
632093
632149
632294
632500
632537
632550
632597
632636
632779
632848
632940
632999
633111
633137
633172
633378
633570
633628
633640
633691
634186
634358
634364
634473
634683
635009
635211
635234
635258
635345
635432
635432
635686
635707
635708
635731
636002
636181
636353
636510
636620
636642
636731
636791
636846
636849
636879
637105
637119
637128
637167
637288
637436
637556
637563
637596
637627
637696
637786
637914
637957
638066
638098
638132
638204
638280
638339
638401
638493
638539
638626
638826
638883
638916
638921
638941
639229
639287
639388
639455
639665
639691
639849
640073
640081
640426
640456
640539
640563
640668
640799
640892
641099
641256
641260
641441
641494
641549
641708
641734
641760
641958
641960
642005
642071
642342
642449
642507
642579
642584
642771
642802
642848
642862
642948
643035
643157
643224
643620
643622
643736
643754
643851
643994
644257
644261
644367
644479
644514
644622
644637
644781
644797
644819
644922
644985
645117
645239
645506
645663
646179
646267
646428
646449
646492
646542
646642
646656
646851
646878
647008
647010
647043
647139
647194
647331
647440
647513
647551
647558
647600
647703
647772
648101
648267
648330
648376
648396
648412
648499
648582
648704
648722
649019
649182
649237
649238
649393
649611
649656
649661
649679
649860
649868
650015
650037
650043
650069
650152
650217
650326
650334
650449
650625
650696
650778
650812
650815
650822
650858
650883
650945
650967
650969
651074
651100
651211
651219
651338
651345
651538
651551
651567
651637
651755
651878
651886
651931
652282
652288
652311
652386
652584
652584
652671
652732
652759
652904
653057
653139
653213
653232
653398
653405
653455
653490
653521
653560
653570
653670
654095
654176
654185
654193
654295
654388
654453
654491
654517
654650
654688
654731
654735
654742
654818
654980
654984
655015
655392
655528
655700
655702
656038
656094
656294
656524
656547
656650
656710
656736
656780
656957
656964
657224
657318
657423
657480
657513
657602
657611
657774
657860
657986
658048
658048
658075
658113
658142
658432
658437
658454
658480
658603
658606
658940
659117
659138
659282
659300
659405
659440
659483
659523
659541
659575
659647
659702
659837
659879
659889
659952
660080
660091
660145
660266
660275
660509
660532
660688
660794
660835
660845
660848
660957
661055
661128
661232
661263
661354
661502
661573
661585
661705
661723
661725
661725
661818
661820
661855
662058
662074
662185
662316
662852
662887
663067
663251
663438
663532
663564
663658
663738
663888
663971
663982
664104
664106
664161
664180
664205
664321
664713
664730
664751
664938
665010
665186
665304
665364
665710
665756
665807
665934
666087
666111
666160
666163
666175
666246
666250
666350
666491
666515
666578
666579
666802
666902
666924
667000
667069
667200
667218
667414
667659
667735
667796
668050
668139
668208
668259
668553
668615
668751
668792
668823
668880
668994
669069
669197
669235
669352
669409
669577
669743
669810
669880
669944
670068
670070
670072
670143
670345
670360
670423
670629
670645
670904
670918
671029
671110
671139
671215
671386
671704
671705
671783
671811
672141
672182
672408
672432
672559
672621
672684
672716
672743
672787
672845
673003
673209
673318
673627
673684
673706
673791
673907
673930
674099
674563
674593
674709
674711
674718
674731
674745
674982
675087
675147
675419
675437
675757
675770
675788
675914
676020
676060
676414
676440
676457
676457
676639
676721
676729
676794
676809
676829
676962
677075
677223
677224
677251
677351
677451
677606
677829
677869
677903
677977
678235
678406
678492
678500
678542
678581
678582
678664
678706
679006
679159
679228
679833
679851
679853
680203
680423
680663
680668
680717
680793
680836
680888
680921
680998
681085
681112
681224
681321
681537
681604
681606
681891
681960
682105
682163
682225
682280
682394
682436
682470
682621
682676
682876
683004
683020
683070
683073
683250
683312
683496
683679
683743
683842
683877
684066
684070
684073
684095
684096
684102
684160
684278
684341
684344
684511
684727
684756
684900
684921
685001
685041
685297
685316
685322
685689
685733
685796
685815
685932
685933
685968
685999
686225
686227
686275
686282
686285
686323
686364
686461
686560
686563
686589
686704
686808
686902
687153
687203
687256
687294
687345
687395
687496
687525
687621
687911
687931
687973
688017
688020
688022
688122
688160
688169
688308
688371
688412
688526
688567
688599
688717
688909
688913
688938
688990
689124
689164
689195
689220
689278
689342
689403
689428
689493
689526
689700
689711
689820
689909
689937
690020
690064
690511
690576
690727
690816
690832
691141
691188
691284
691300
691377
691457
691471
691542
691565
691662
691675
691713
691904
692039
692042
692117
692237
692255
692382
692446
692592
692802
692844
692851
692883
692954
692983
693084
693086
693248
693389
693426
693551
693695
693707
693772
693973
694088
694220
694401
694526
694620
694745
694828
694835
695052
695080
695088
695203
695234
695258
695432
695452
695516
695636
695809
695880
695888
695930
695930
695975
695978
695987
696117
696140
696149
696258
696298
696361
696367
696373
696397
696685
696761
696950
696956
696971
696985
697030
697035
697134
697241
697291
697515
697519
697764
698035
698042
698108
698136
698163
698305
698498
698537
698559
698579
698841
698890
698933
698998
699264
699264
699403
699426
699583
699597
699697
699834
699896
699897
699958
700047
700081
700271
700321
700327
700596
700606
700699
700903
701013
701084
701084
701203
701503
701586
701627
701721
701867
701891
701916
701962
702109
702348
702489
702498
702521
702588
702625
702676
702730
702794
703032
703041
703105
703143
703216
703379
703388
703453
703479
703496
703519
703529
703602
703896
703910
703912
703942
703968
704265
704345
704356
704418
704512
704566
704634
704721
704767
704797
704807
704861
704948
704997
704998
705059
705101
705147
705188
705209
705215
705375
705499
705752
705866
705927
705935
705946
706014
706118
706171
706191
706369
706417
706509
706512
706719
706826
706907
706934
707010
707082
707120
707382
707387
707584
707652
707697
707701
707702
707720
707749
708137
708155
708332
708354
708369
708431
708680
708699
708732
708850
708946
709088
709455
709558
709595
709752
709793
709906
709958
710081
710106
710173
710331
710549
710588
710639
710639
710869
710930
711112
711263
711298
711338
711444
711513
711518
712082
712086
712088
712119
712256
712296
712528
712564
712600
712723
712938
713107
713155
713353
713378
713431
713715
713802
714079
714152
714168
714191
714220
714256
714282
714505
714746
714966
715021
715022
715199
715232
715310
715460
715480
715571
715718
715755
715841
716051
716053
716117
716230
716241
716528
716608
716615
716695
716752
716804
716835
716976
717076
717162
717172
717209
717246
717347
717377
717796
717803
717860
717872
718147
718213
718305
718451
718509
718565
718655
718692
718811
718825
718828
719123
719172
719207
719317
719356
719542
719606
719630
719685
719718
719761
719835
719884
719923
719931
720031
720078
720372
720383
720464
720472
720576
720629
720791
721253
721259
721374
721569
721592
721745
721889
722098
722103
722180
722325
722347
722374
722408
722516
722544
722731
722764
722943
722992
723005
723046
723172
723176
723187
723446
723462
723485
723520
723598
723792
723902
723963
723964
723968
724100
724110
724190
724230
724283
724323
724514
724573
724655
724788
724817
724881
724953
725044
725188
725234
725390
725427
725501
725772
725864
725972
725994
726082
726162
726205
726322
726357
726455
726503
726634
726661
726788
726842
727240
727407
727531
727562
727579
727624
727726
727738
727820
727954
727999
728042
728070
728098
728105
728323
728595
728629
728920
729127
729220
729256
729274
729381
729440
729648
729742
729839
730101
730120
730323
730358
730435
730571
730721
730805
730831
730951
731166
731302
731561
731590
732105
732111
732562
732584
732593
732612
732676
732725
732738
732846
733414
733470
733478
733553
733574
733584
733602
733609
733986
734089
734177
734178
734398
734463
734501
735005
735006
735118
735150
735170
735237
735404
735406
735423
735475
735525
735677
735727
735764
735779
735839
735852
735877
736202
736324
736419
736553
736637
736909
736969
737024
737047
737076
737235
737316
737674
737698
737720
737905
737992
738133
738230
738331
738475
738655
738747
738759
738771
738795
738809
738886
739145
739218
739227
739435
739512
739565
739575
739577
739751
739795
739799
739889
740057
740104
740391
740568
740612
740871
741123
741186
741332
741430
741527
741627
741753
741755
741824
741825
741851
741927
742116
742140
742168
742229
742245
742337
742407
742688
742826
742902
742941
743078
743125
743173
743243
743478
743534
743600
743667
743769
743906
743957
744054
744092
744316
744385
744678
744783
745248
745338
745352
745591
745607
745790
745959
746130
746265
746424
746450
746469
746515
746617
746618
746666
746712
746851
746863
747040
747062
747197
747206
747234
747268
747312
747376
747511
747595
747632
747680
747723
747732
747804
747857
747865
748155
748162
748285
748357
748399
748479
748516
748516
748575
748597
748639
748860
748883
748887
749116
749140
749141
749445
749462
749567
749826
749873
749943
750021
750053
750110
750113
750402
750543
750544
750551
750689
750904
750988
751091
751147
751187
751230
751333
751461
751481
751505
751750
751759
751776
751929
751968
751995
752023
752104
752169
752333
752439
752450
752508
752702
752886
753091
753285
753319
753325
753352
753368
753450
753488
753526
753895
753910
753977
754003
754026
754096
754140
754292
754293
754309
754528
754553
754682
754784
754793
754843
754849
754873
754889
755023
755183
755197
755427
755446
755527
755530
755618
755662
755765
755909
755930
756005
756088
756096
756113
756166
756287
756304
756323
756445
756466
756608
756641
756749
756784
756788
756807
756807
756818
757060
757079
757287
757434
757701
757736
757799
757829
757927
758016
758070
758160
758187
758285
758322
758454
758562
758731
758784
758788
758839
758927
758936
759070
759247
759253
759367
759381
759403
759516
759722
759759
759877
759890
760176
760263
760347
760353
760693
760734
760761
760790
760977
761017
761040
761174
761180
761296
761470
761651
761689
761818
761855
761923
762060
762187
762268
762350
762489
762585
762659
762811
762861
762906
762920
763067
763190
763217
763807
763872
763940
764010
764251
764272
764685
764845
764947
765062
765085
765243
765251
765277
765418
765594
765597
765599
765601
765699
765702
765727
765915
765944
765977
766021
766111
766157
766218
766303
766355
766678
766697
766854
766884
767097
767267
767472
767508
767688
767829
767862
767867
767975
768049
768101
768272
768273
768339
768346
768425
768555
768570
768579
768587
768630
768661
768799
768800
768849
768894
768974
768988
769033
769116
769118
769127
769132
769191
769268
769275
769331
769350
769554
769598
769721
769826
769987
770037
770060
770114
770154
770166
770227
770232
770247
770285
770330
770379
770522
770581
770741
771157
771242
771343
771352
771355
771389
771409
771569
771591
771615
771909
771928
772025
772236
772482
772510
772651
772665
772673
772777
772784
772888
772958
772989
773003
773109
773116
773169
773241
773294
773307
773413
773422
773454
773663
773695
773696
773727
773763
773770
773824
773943
773946
774039
774151
774236
774348
774374
774484
774607
774710
774860
775035
775179
775232
775336
775369
775437
775603
775752
775852
775857
775890
775924
775950
775976
775982
776127
776199
776248
776260
776775
776813
776889
776966
776968
777019
777050
777340
777453
777456
777588
777639
777724
777799
778035
778113
778123
778289
778326
778503
778507
778619
778713
778742
778817
778839
778993
779016
779018
779257
779279
779557
779643
779910
779961
779976
779980
780143
780259
780287
780555
780701
780769
780847
780940
780953
781050
781076
781105
781189
781207
781302
781324
781398
781453
781581
781632
782131
782288
782328
782335
782474
782574
782679
782804
783064
783118
783230
783258
783305
783547
783636
783762
783841
783881
784120
784220
784272
784488
784786
784833
785028
785129
785371
785384
785386
785574
785752
785799
785882
785902
786089
786162
786200
786399
786442
786625
786700
786747
786841
786870
786993
787036
787064
787162
787175
787245
787317
787317
787444
787486
787519
787548
787613
787677
787866
787947
788041
788163
788344
788523
788816
788917
788930
789016
789034
789068
789227
789234
789259
789354
789425
789426
789494
789498
789543
789555
789677
789903
790011
790155
790282
790296
790440
790699
790733
790871
790892
790918
790926
790985
791029
791048
791049
791446
791553
791598
791631
791662
791845
791851
792134
792216
792228
792379
792525
792575
792686
792872
792897
792951
793055
793142
793148
793162
793200
793334
793387
793413
793545
793617
793641
793670
793730
793751
794013
794077
794185
794254
794432
794467
794473
794485
794594
794657
794719
794785
794882
794886
794926
795083
795213
795482
795601
795637
795779
795955
796012
796058
796069
796351
796378
796484
796662
796925
797070
797082
797142
797181
797258
797315
797317
797405
797456
797487
797492
797513
797515
797555
797568
797736
797750
797817
797891
797906
798045
798109
798127
798134
798194
798237
798467
798518
798543
798650
798786
798794
798820
798841
798878
798912
799040
799043
799108
799165
799212
799215
799257
799305
799553
799724
799744
799770
799817
800162
800376
800516
800584
800657
800678
800730
800798
800803
800860
800915
800948
800952
801055
801073
801106
801124
801503
801572
801693
801781
801868
801901
801906
802294
802409
802435
802458
802630
802892
802975
803092
803098
803106
803188
803265
803480
803482
803506
803753
803815
803883
804058
804105
804109
804135
804336
804623
804629
804799
804882
804986
805126
805214
805251
805266
805805
805955
806173
806322
806422
806468
806510
806617
806742
806744
806822
807049
807166
807288
807421
807576
807713
807845
807939
807990
808013
808078
808212
808377
808458
808480
808699
808902
808978
809071
809114
809176
809271
809401
809420
809422
809723
809772
809879
810151
810155
810183
810272
810451
810677
810679
810691
810700
810720
810794
810812
810838
811074
811178
811308
811368
811455
811505
811556
811558
811612
811968
812007
812059
812124
812199
812334
812335
812755
812847
812883
812936
813047
813291
813498
813615
813722
813735
813788
813794
813794
813877
814069
814365
814432
814531
814653
814685
814837
814988
815003
815005
815011
815037
815218
815247
815284
815536
815601
815716
815807
815892
815906
815911
815922
815970
816029
816138
816289
816326
816343
816387
816390
816474
816598
816599
816797
817032
817053
817065
817141
817193
817206
817244
817351
817545
817617
817947
817956
817983
817998
818112
818133
818184
818200
818241
818661
818676
818715
818723
818763
818888
818971
819042
819263
819391
819469
819497
819533
819648
819662
819762
819764
819765
819844
820181
820304
820363
820377
820396
820810
820844
821155
821528
821549
821739
821745
821755
821852
821874
822044
822146
822177
822202
822329
822338
822429
822443
822733
822741
822892
823086
823136
823264
823424
823484
823501
823573
823594
823746
823750
823915
824066
824146
824255
824287
824469
824614
824816
824862
824917
824939
825131
825157
825266
825272
825279
825550
825709
825713
825724
825785
825785
825806
825935
825959
826014
826351
826367
826376
826400
826551
826594
826623
826638
826663
826728
826973
827040
827140
827160
827260
827266
827267
827482
827504
827584
827665
827848
828307
828385
828407
828472
828608
828658
828776
828915
828941
829029
829228
829255
829337
829476
829491
829524
829569
829634
829689
829700
829714
829721
829755
829768
829839
829840
829881
830036
830146
830229
830238
830288
830450
830503
830634
830658
830678
830709
830772
830849
830932
830957
831287
831332
831412
831499
831766
831795
831865
831907
831932
832037
832255
832278
832367
832781
832810
832904
832938
833020
833078
833081
833087
833126
833132
833376
833596
833605
833724
833763
833864
833967
834005
834199
834222
834302
834437
834601
834602
834619
834644
834674
834681
834996
835022
835037
835132
835216
835227
835399
835495
835547
835559
836052
836185
836232
836415
836622
836729
836807
836873
836884
836908
836984
837084
837135
837154
837264
837298
837517
837519
837737
838016
838109
838214
838290
838429
838537
838555
838594
838703
839389
839411
839538
839761
839794
839826
839831
839842
840003
840108
840531
840709
841038
841071
841136
841146
841274
841328
841333
841438
841470
841629
841738
841819
841855
841945
842216
842356
842369
842453
842461
842549
842625
842727
842733
842749
842768
842796
842894
843020
843135
843370
843499
843549
843604
843694
843749
843838
843914
843955
843973
843975
844065
844074
844095
844101
844135
844293
844428
844699
844843
844884
844951
845007
845222
845371
845466
845479
845544
845622
845635
845652
845659
845701
845880
846060
846123
846136
846146
846289
846414
846600
846809
846847
846872
846917
847000
847016
847289
847506
847623
847808
847848
847873
847874
847936
847977
848142
848205
848274
848363
848369
848532
848536
848555
848771
848784
848827
848856
848868
848879
848914
848972
849358
849400
849532
849533
849551
849566
849587
849741
850049
850103
850130
850136
850198
850315
850324
850507
850518
850560
850598
850650
850763
850787
850821
850873
850883
850890
850898
850903
851170
851174
851181
851255
851457
851514
851566
851925
851933
851933
851935
852189
852231
852400
852485
852489
852490
852524
852537
852645
852682
852767
852837
852841
853142
853403
853430
853517
853755
853829
854244
854259
854464
854552
854705
854877
854900
855103
855266
855402
855478
855692
855797
855834
855902
855926
856122
856308
856309
856495
856573
856694
856758
856775
856849
856870
856980
857135
857517
857565
857694
858049
858060
858102
858141
858300
858466
858881
858936
858956
859187
859445
859521
859540
859628
859667
859800
859879
859998
860010
860050
860196
860229
860333
860365
860402
860437
860437
860514
860562
860664
860680
860928
861016
861047
861048
861081
861131
861228
861282
861352
861432
861455
861474
861498
861540
861565
861572
861677
861751
861802
861894
861901
862055
862135
862192
862218
862372
862411
862584
862684
862836
862851
862854
863347
863476
863551
863586
863656
863728
863782
863861
864122
864135
864200
864311
864475
864596
864614
864735
864751
864852
864866
864871
864882
864935
865006
865231
865261
865295
865422
865531
865681
865795
865897
865919
865920
865978
866081
866177
866190
866273
866366
866460
866512
866590
866625
866676
866836
866877
866941
867133
867253
867295
867330
867387
867745
867912
867926
868010
868182
868751
868820
868876
869083
869162
869494
869502
869514
869529
869584
869776
869900
869920
869947
870079
870091
870259
870264
870300
870548
870558
870594
870614
870632
870674
870742
870805
870932
871118
871194
871205
871293
871464
871538
871672
871685
871844
872025
872151
872501
872546
872720
872784
872859
872991
873166
873202
873217
873560
873730
873786
873874
874053
874140
874235
874398
874457
874684
874690
874752
874865
875045
875098
875227
875374
875398
875490
875572
875887
875908
876263
876287
876367
876640
876644
876659
876702
876771
877068
877082
877131
877335
877549
877658
877699
877902
878003
878138
878351
878425
878444
878463
878542
878970
879062
879084
879136
879157
879208
879210
879469
879490
879681
880152
880375
880520
880536
880546
880723
880804
881116
881132
881180
881186
881246
881258
881377
881457
881463
881474
881476
881573
881662
881731
881798
881941
881997
882423
882638
882741
882749
882865
882917
882953
882954
883009
883012
883139
883172
883234
883312
883344
883469
883661
883662
883708
883803
883852
883894
884107
884127
884452
884458
884909
885054
885077
885156
885158
885193
885204
885360
885422
885631
885693
885802
885843
885983
886066
886069
886164
886200
886221
886229
886249
886269
886271
886640
886708
886776
886790
886813
886849
886915
886924
886946
886952
887150
887157
887169
887175
887188
887371
887625
887715
887817
887925
887968
888031
888111
888130
888248
888344
888465
888475
888509
888613
888637
888643
888721
888775
888854
889030
889045
889312
889361
889489
889579
889889
890044
890071
890103
890201
890224
890237
890257
890296
890430
890534
890570
890591
890787
890791
890891
891182
891208
891270
891271
891273
891321
891390
891395
891423
891439
891465
891521
891564
891668
891725
891766
891830
891833
891835
892016
892433
892753
892756
892906
892914
892981
893009
893104
893118
893161
893245
893377
893591
893669
893729
893773
893808
893938
893997
894023
894140
894170
894244
894435
894448
894780
894800
894954
895091
895159
895190
895247
895275
895329
895340
895360
895458
895468
895531
895547
895597
895710
895824
895987
896217
896279
896579
896595
896637
896651
896714
896756
896882
896947
896969
896987
897103
897185
897222
897421
897536
897798
898013
898104
898130
898248
898390
898418
898486
898631
899015
899089
899122
899168
899388
899837
900047
900144
900182
900235
900259
900446
900531
900665
900671
900757
900810
901029
901054
901076
901124
901191
901459
901462
901654
901698
901752
901781
901805
901899
901976
902443
902498
902552
902605
902788
902823
902931
903226
903296
903300
903308
903379
903463
903478
903565
903606
903825
903996
904002
904038
904058
904077
904155
904213
904256
904479
904629
904905
904911
905053
905245
905446
905496
905516
905782
905819
905955
906102
906110
906129
906222
906261
906399
906489
906518
906594
906668
906672
906914
906961
907172
907231
907411
907569
907577
907689
907711
907748
907944
907949
907975
907996
908004
908042
908099
908195
908209
908316
908491
908538
908587
908595
908607
908711
909012
909041
909120
909137
909139
909168
909191
909216
909266
909327
909474
909487
909621
909636
909801
909963
909991
910094
910298
910304
910452
910691
910951
910957
911012
911165
911254
911259
911348
911405
911452
911557
911677
911727
911785
911858
911906
911954
911972
912032
912085
912183
912253
912432
912605
912726
912840
912914
912947
913181
913189
913291
913378
913422
913471
913678
913680
913695
913844
914030
914266
914288
914289
914434
914485
914512
914795
915145
915243
915259
915284
915380
915402
915553
915573
915803
915833
915942
916079
916091
916191
916228
916537
916546
916566
916648
916729
916800
916819
917103
917131
917160
917167
917346
917473
917496
917942
917977
917995
918001
918004
918007
918012
918055
918076
918197
918203
918302
918342
918374
918412
918491
918505
918571
918663
918718
918741
918840
918864
919066
919215
919262
919375
919418
919425
919441
919518
919560
919645
919840
920043
920135
920307
920348
920546
920566
920830
920878
921035
921136
921163
921206
921247
921409
921423
921491
921492
921521
921535
921565
921620
921667
921759
921809
922143
922169
922277
922447
922918
923035
923204
923286
923480
923645
923689
923697
923851
923895
923953
924029
924034
924154
924170
924293
924365
924381
924518
924643
924842
924903
924947
924999
925143
925164
925376
925501
925601
925631
925760
925919
926094
926203
926228
926254
926258
926303
926362
926386
926404
926439
926454
926468
926590
926771
926826
927049
927095
927256
927304
927580
927602
927698
927727
927814
927823
927915
927955
927967
928066
928200
928280
928438
928624
928639
928678
928876
928895
928921
929170
929229
929295
929522
929565
929592
929641
929921
929922
930017
930033
930063
930201
930245
930279
930324
930381
930567
930576
930586
930678
931160
931394
931665
931884
931971
932007
932153
932168
932173
932220
932683
932766
932913
932924
932946
933125
933189
933226
933246
933315
933565
933747
933892
933921
933953
933953
933975
933987
933990
933991
934035
934339
934403
934604
934672
934679
934756
934788
934916
934917
934919
935053
935106
935126
935225
935255
935332
935414
935444
935471
935582
935607
935647
935755
935818
935940
936133
936155
936244
936462
936508
936672
936678
936937
937024
937163
937179
937390
937418
937454
937462
937497
937617
937700
937801
937815
937918
938078
938151
938294
938299
938364
938451
938478
938650
938712
938789
938799
939023
939120
939151
939235
939251
939325
939450
939621
939646
939751
939763
939766
939827
939899
940003
940065
940169
940184
940281
940354
940690
940823
940951
940974
941073
941277
941295
941298
941424
941546
941763
941828
941844
941875
941943
942089
942182
942339
942341
942453
942488
942496
942603
942711
942797
942821
942892
942985
943007
943093
943172
943278
943524
943543
943549
943551
943627
943725
943859
943942
944013
944219
944243
944564
944609
944669
944748
944835
944907
944997
945040
945044
945076
945169
945221
945359
945528
945722
945863
945899
945910
945959
946039
946052
946093
946138
946270
946290
946336
946418
946500
946581
946663
947153
947304
947366
947479
947533
947615
947678
947725
947734
947795
947889
947960
948012
948161
948210
948219
948418
948605
948656
948657
948888
948916
948982
949011
949036
949070
949136
949274
949295
949416
949662
949672
949710
949795
950025
950029
950283
950298
950302
950392
950543
950552
950614
950653
950680
950719
950732
950740
950868
950879
950975
950997
951187
951190
951193
951278
951333
951394
951416
951441
951510
951649
951684
951742
951780
951817
951881
951903
951945
952053
952075
952419
952445
952626
952635
952653
952681
952984
953118
953132
953270
953315
953333
953341
953357
953397
953455
953526
953674
953692
953804
953818
953845
953851
953871
953898
953969
954031
954084
954092
954220
954374
954390
954414
954416
954428
954604
954699
954727
954751
954766
954771
954791
954816
954987
955031
955066
955109
955249
955264
955316
955452
955560
955630
955664
955742
955962
955973
956000
956011
956033
956103
956238
956308
956458
956563
956578
956661
956778
956933
956976
957109
957179
957217
957366
957375
957381
957382
957528
957545
957708
957740
957747
957887
957908
957991
958064
958115
958293
958510
958677
958809
958887
958949
959079
959249
959320
959363
959448
959490
959725
959730
959806
959864
959909
959957
959991
960091
960159
960165
960221
960335
960507
960809
960854
960907
960921
961141
961202
961288
961504
961596
961596
961759
961838
961908
961928
962302
962421
962457
962507
962701
962751
962752
962886
962951
963170
963171
963223
963507
963522
963628
963788
963868
963904
963912
964230
964231
964274
964355
964381
964605
964866
964927
965121
965178
965200
965317
965342
965364
965414
965428
965439
965478
965569
965745
965990
966100
966189
966355
966381
966394
966791
966828
966909
966919
967286
967447
967529
967572
967734
968009
968057
968216
968311
968479
968557
968685
968690
969166
969417
969444
969735
969775
969891
969923
970044
970061
970133
970153
970166
970212
970351
970402
970449
970603
970841
970846
970875
970876
971034
971318
971348
971400
971453
971576
971603
971663
971727
971835
971836
971995
972183
972231
972273
972542
972564
972699
972699
972745
972784
972838
972914
973066
973068
973117
973433
973495
973572
973758
973934
973978
973991
974016
974049
974150
974158
974219
974274
974293
974420
974534
974586
974960
974988
974989
975038
975107
975262
975315
975455
975531
975630
975704
975890
975947
975969
976044
976131
976154
976158
976210
976282
976354
976498
976621
976656
976674
976685
976785
976829
976927
977058
977108
977195
977267
977285
977322
977380
977427
977503
977535
977589
977624
977625
977660
977957
978044
978078
978168
978266
978295
978297
978324
978359
978620
978650
978762
978767
978792
978802
978828
978886
978953
978956
979079
979178
979225
979424
979439
979506
979510
979744
979783
979896
979941
980308
980348
980419
980616
980883
981040
981168
981318
981327
981359
981406
981599
981672
982250
982557
982622
982632
982642
982762
982795
982919
982946
982950
982959
983035
983079
983312
983366
983376
983428
983579
983639
983689
983697
983781
983886
983965
984104
984147
984177
984279
984333
984384
984465
984496
984685
984706
984789
984832
984839
985128
985148
985241
985244
985292
985639
985646
985688
985806
985807
985868
985973
985992
986043
986211
986313
986356
986417
986468
986890
986933
987147
987286
987425
987444
987529
987579
987696
987812
987926
987975
988000
988109
988221
988437
988668
988945
989069
989075
989180
989218
989245
989470
989486
989548
989610
989771
989807
989952
989961
989966
990107
990117
990209
990218
990381
990415
990458
990499
990513
990738
990816
990934
991092
991169
991208
991408
991430
991648
991657
991684
991698
991871
991906
992328
992387
992739
992820
992925
992927
992972
993013
993115
993301
993350
993413
993450
993465
993474
993554
993607
993638
993700
993764
994110
994274
994508
994551
994592
994736
994993
995240
995256
995278
995304
995448
995514
995577
995603
995613
995702
995746
995845
995894
995940
995985
996040
996041
996061
996158
996179
996229
996336
996437
996513
996518
996616
996622
996828
996853
997023
997024
997079
997116
997314
997474
997479
997494
997585
997627
997635
997642
997808
997814
997835
997889
997946
997973
997994
998000
998017
998165
998248
998285
998301
998316
998329
998387
998390
998485
998548
998700
998781
998823
998828
998914
998924
998963
999034
999230
999296
999315
999341
999404
999452
999512
999601
999652
