372894
699170
914009
265817
926566
557529
896088
252871
126611
682809
294516
955744
956270
951147
319091
803837
395814
474054
217423
184119
229726
642966
443604
306816
949242
443542
105804
961776
881242
196049
822000
431335
342833
301762
224681
918302
452183
217270
991280
187583
473186
396485
548461
777070
167366
393805
846940
937786
345871
628995
307994
664670
447665
252859
317566
487875
369834
248223
369257
314408
495252
299013
267121
164965
235540
540150
653807
842045
814527
620895
801795
275874
908370
377283
888808
523446
929678
416720
915755
542400
657257
907851
548859
621511
640456
843541
339982
204772
805002
345811
768353
865982
297827
109873
699283
240297
927971
944185
946685
755246
636277
609077
505281
559291
499206
207556
783069
631291
526435
346821
726783
388285
402518
282412
293005
492056
862777
875056
186104
313109
224765
985856
309163
305523
606632
321152
371679
848451
225743
235485
689274
648248
541707
416872
830373
723729
634631
361976
265839
643213
619459
364761
453389
251782
123860
519029
302757
707114
299175
689752
222292
694452
286611
691717
239168
899849
173656
806117
306408
398604
582304
297796
707112
675943
292433
503554
845943
548093
952296
298659
192051
741966
634561
342225
525662
584021
969706
837249
129832
810977
232786
950243
617154
908910
175545
514515
280061
608025
660435
748613
133403
603935
186358
258479
445366
569861
754941
774953
487790
518329
373869
405648
954682
602430
315214
396709
521280
918325
494597
783517
425968
825023
422833
511073
711903
801041
124367
910166
414259
180872
676681
548108
550962
507932
184313
681420
180471
242912
639878
764825
823803
660076
213645
700358
869473
590467
929164
845960
747432
720791
393297
647852
991596
109500
388766
265473
476332
572661
624034
112792
275003
473253
720981
674057
401527
747405
506511
989056
530312
980852
286260
511983
567200
963431
802679
198974
335532
397365
379240
632914
974398
395934
470925
107777
601790
746701
440234
962825
402157
737566
210714
495044
551495
901418
336605
909457
115392
964693
231508
514835
383415
195427
833652
822673
880251
608792
650919
446424
398531
203355
885462
214200
400294
168502
944414
963445
401621
181462
219159
325485
648236
515937
118556
322595
217506
546243
697230
445883
564899
579211
692672
526065
265550
760958
501239
180066
888565
279702
778061
593196
224027
882106
284268
808890
711800
352827
672824
555971
552985
338833
101932
976254
971204
688537
212019
634476
444622
416472
944640
513794
569001
468698
372588
556947
311618
897371
706011
855636
698701
193819
405319
666936
565397
331581
367654
107229
629048
400092
927715
364626
104704
408775
239194
411368
517025
968033
505509
530795
967951
863333
973727
445380
518148
759262
472846
984293
828288
641038
179641
409217
962440
854128
786029
195971
593968
151178
542793
838668
179934
976397
982762
815086
185628
890254
693349
344359
652125
645511
731720
415210
244886
946455
590330
467950
401300
838449
474928
782492
317253
479687
744892
183339
688933
441408
558003
866227
959667
442713
174476
131657
312635
650229
943262
917677
245891
898831
871670
162700
732559
235179
721348
584705
193667
577769
631272
553835
998786
603648
307101
689341
714858
465164
559904
999162
208675
779215
680534
238881
525052
931270
961355
569068
269728
102831
735905
532918
207649
933568
185509
839266
605675
917980
725147
138657
387008
847266
952839
141062
613451
642376
698657
448265
335427
388031
437758
197889
681207
546056
442549
734009
645525
148278
875786
926646
367063
421067
913810
804939
461164
986131
339540
368745
186328
649674
819904
861954
688151
223239
968581
225723
600327
376624
143232
324682
799970
330797
235634
782387
505736
862384
342424
102427
106692
102050
270946
591565
297601
917292
309661
291429
903869
473824
155042
439852
678447
432786
844031
449726
623174
704817
226842
775859
131984
261435
759474
846262
678399
757825
695713
727224
311091
438043
461432
316982
797717
847850
361268
495406
898603
582223
786349
998504
112180
969094
895835
382305
975835
397456
645781
374436
342485
106717
916890
385913
993947
453418
192278
842802
423839
877676
855366
101268
299977
357467
933236
991711
627094
444835
934699
880502
811079
451358
207353
910719
450177
147295
382621
468674
499175
182325
275204
319044
965911
302076
823359
768801
544424
687803
478061
988648
305892
490629
198587
180955
876137
579520
209939
458171
832530
180527
725271
172588
725040
284181
426695
510121
947844
661338
461047
350848
243792
344853
734002
931440
917684
405006
269771
765872
161801
750318
938948
372851
160706
743554
883960
188629
551710
343002
303172
929828
510236
343838
572952
297339
381268
721296
374571
949525
640603
654916
230291
500279
438610
822744
961181
392393
726666
256170
726422
799241
482157
195173
497208
683297
946409
520939
919596
105380
439186
708589
210557
135333
400527
770005
858416
768091
416002
218397
133018
930012
312645
896304
824983
881576
338097
785913
823212
873705
617485
446558
226675
262983
851428
117668
408733
106993
573322
157292
722735
316279
463459
781373
391030
742713
928281
304320
997495
220764
771953
143682
236858
102612
981604
184875
384425
304595
432233
141484
823043
400039
805032
513238
149444
333549
561110
596382
743173
148504
486325
936156
780621
728492
585172
339579
827431
139001
914801
807611
351451
968634
255425
363058
453767
362655
889407
474639
327602
220309
810717
920179
208727
933410
513644
647674
919539
550762
677146
252949
490735
316381
171783
399715
116816
624081
594323
506990
709776
688149
447662
935119
746110
467157
264284
518767
256293
788287
916793
862092
742202
106774
615755
271553
576754
774907
107733
466990
304265
667660
517309
829515
735795
366929
833016
832532
605714
151864
423887
876028
721258
781064
968070
834892
769344
972906
970806
836825
535955
520458
239860
174088
557896
700323
311494
708155
906531
170240
796329
258732
999463
779636
463086
786920
143762
976321
385192
840075
302397
132820
597468
347368
334202
670077
775754
749538
939490
402793
244026
366366
147680
391216
703832
396452
717469
417673
306458
346936
403978
960397
496891
482242
411124
432371
481403
113938
445978
518727
725347
794231
436236
816106
385685
540280
438726
248202
962170
163917
204201
278062
773334
271823
733203
629825
468964
508391
967395
373798
791082
551406
584096
736484
455971
469532
357628
517937
349096
294304
375625
879350
232514
328950
412729
513149
558657
118763
389720
607569
232448
626669
578499
327523
301301
898236
631598
791411
348717
217424
631804
173327
763831
208576
817953
350100
681503
819241
841097
661683
445211
504307
880249
261286
372388
523361
500910
853285
224816
687609
186509
594007
394180
890614
322573
855348
126494
534670
978321
933750
308987
641778
774520
473880
223268
101789
280084
452476
611797
883379
553254
723427
301624
982171
549770
499105
462764
936108
138363
248276
333809
165091
299217
613338
742356
953916
909699
721333
276439
361953
995788
276494
554334
939637
910869
599102
784365
275822
595549
475435
732067
622001
630710
105219
246289
524243
941607
274443
370025
441478
643489
317049
661124
935137
644625
212488
769838
656576
218341
977053
537297
507093
341456
373925
838173
805470
890328
619093
359946
475020
344099
554333
984279
315198
740462
307899
167387
696123
179404
224105
405207
147488
874010
326908
837849
612191
968961
491688
728169
468865
913054
668220
291987
594183
141329
490562
783474
633665
282308
255207
448002
986577
357556
542308
513723
195240
639613
615355
220612
518841
390582
166963
912655
228036
550076
616980
736380
238115
586311
558106
638519
582976
280985
928950
921964
586963
831079
697044
289452
766819
179765
304311
717582
978422
717655
910771
568336
634353
283722
242011
364689
786557
962985
430686
418556
775209
686884
343117
401318
300819
628567
123757
752811
467112
662305
246560
299331
254276
957044
445801
623386
705769
775097
313474
805243
248473
797549
818391
482744
779335
548449
371639
763438
188042
211549
207982
954781
673340
821702
486518
131145
200264
345303
169276
496171
296587
653891
236843
238317
861884
295535
121759
817856
727961
935878
563708
170701
315751
909318
493077
118983
238762
368575
352355
516375
720138
893245
454040
283592
854538
797166
886538
671710
618221
805205
798970
281350
287252
106967
318970
830885
588216
383425
205383
374578
960026
911810
361226
673980
975004
196217
150921
707591
864535
154660
920672
422450
767453
291563
603289
559308
767521
659552
112551
802276
213220
826961
556269
488966
942720
137964
379498
107006
241112
401723
756815
214552
214434
582078
415983
157341
465821
602977
428557
745823
388044
629237
708224
281709
780501
171733
255799
517915
262041
319763
462490
562902
164119
572859
452669
517189
771369
404844
765721
995579
610547
906400
414097
713723
181844
596034
710998
551287
205504
372205
157296
101723
667569
369936
602157
677898
191680
433868
111045
389436
520306
169408
107507
513564
787279
835649
397688
535761
178365
700642
826402
172295
276613
104951
649440
862618
499323
722403
940229
717864
149877
727845
389605
862277
203670
372768
810087
636344
410819
492739
233895
174882
310283
616366
565109
553141
135007
524336
255976
165183
222672
462072
916839
634198
865321
946940
453473
579404
569220
956669
948578
371289
667304
325902
200242
298798
734580
490214
648884
766377
478505
504004
168465
115415
604536
963920
158592
417012
580626
764569
609141
453385
829753
182185
170883
886978
683696
778112
619270
925616
406433
557529
829812
466121
186216
226386
419344
462382
770156
199966
413876
783726
320482
576174
243750
452423
344086
178581
102398
160922
334635
399349
749125
816865
592091
548532
327643
848662
389540
636276
441656
822616
986607
595674
999201
741720
972369
412023
400654
970130
200746
282423
866167
422133
124154
815889
694563
298254
380020
772932
957027
891311
453528
359793
445616
445248
541531
271649
765561
376266
829501
696305
202122
781559
381149
714614
479537
439165
446635
497342
506084
464068
298010
269796
509291
384789
932312
820183
114976
926173
975244
494396
357486
758662
812373
947258
515464
850938
148687
737122
346737
278595
381038
144746
836622
768920
403612
703606
531656
429849
567418
310553
172281
779463
300044
248363
478705
194292
451529
938483
941873
988864
950067
822558
636169
153952
953262
478279
907474
753808
113274
593490
966558
457608
246965
394692
955751
108544
246700
581324
630468
822839
142793
893099
433506
158328
961578
919955
843600
370474
641690
672049
360490
129709
636402
441385
246765
218076
865781
319178
751064
497009
297728
445341
680265
464216
931703
122984
939065
368628
948366
505100
406548
283035
333383
334204
148001
163846
618202
437338
619281
595534
553138
680585
202332
251352
281233
263687
762518
847701
488661
362422
719838
147267
492257
602403
855378
153807
607863
246638
579069
298904
874030
602488
235092
112910
495175
685836
319654
568863
605089
936724
705939
961650
716195
811201
819927
874844
580041
953826
233250
108014
482996
693002
100729
417323
984666
923537
772815
239373
429789
433295
741136
334158
372344
647457
353424
490750
107392
420315
715256
102305
656363
569560
423465
551434
918895
231380
353538
841003
607897
451974
228042
156404
429283
399781
340534
947611
875557
457034
789019
885532
362022
200519
366691
930115
277409
433725
382632
500214
741701
541026
498609
172539
845429
123023
939545
783471
580989
747731
705299
254556
860187
544705
538108
676944
950943
399194
670941
255966
702025
887511
989975
895878
430942
225207
634831
352628
436221
276082
835243
786751
562922
488134
714580
689201
702837
317657
226621
388816
905339
138642
276323
978279
344658
195376
907217
447523
957970
675557
267211
848929
134554
324396
575111
307720
862181
800465
653393
476881
696523
863262
489789
808893
451006
486498
220872
241997
342850
100453
447124
930769
733558
392561
959798
163698
611951
909455
756145
696174
815437
619748
236195
296396
839078
987707
739395
604894
768152
992220
986610
770150
698220
230665
540012
312051
365614
263695
155815
545315
265843
203083
534859
738538
297707
993612
892395
810169
742960
974719
988665
599825
352480
366536
687806
689536
656935
559371
723616
631215
144001
565669
767538
565346
678591
193845
157124
824873
661198
346798
671235
727407
890348
456160
209867
670299
283943
533367
411273
201416
370471
657153
604486
312280
877153
557657
237303
424162
261310
297540
829329
838886
151323
119057
759915
504381
835515
262763
520473
621732
989475
593181
193790
844868
677097
750947
357980
811173
820824
822473
191029
119406
682706
205336
759575
544414
572010
596594
187423
540749
723164
602184
916254
513526
777694
177877
119079
238764
863374
813902
293567
999557
419209
355237
652117
857311
312454
708898
975190
677594
542409
329718
562671
356486
522493
671216
282089
962960
233134
637902
228903
637083
375499
427853
530070
309364
427504
422439
740742
863092
914110
802981
424351
168489
345097
526697
344000
767207
403728
350683
973490
701096
279435
968141
886031
799058
880209
394639
130726
980011
829641
206701
948900
633692
220952
298545
664314
921681
991820
640831
462472
844719
716393
661770
508808
415600
730895
487069
692139
573689
456106
680121
708533
425330
567340
566623
177858
423899
168064
902748
710732
435043
812270
418133
186833
157709
296299
747245
429466
542705
730966
945213
279892
245788
832685
649428
345917
211304
726790
404501
455086
992589
796890
434025
897074
944926
477270
980191
371368
495280
811068
826606
595404
953642
307238
383721
579561
285955
555692
718035
420911
651757
402087
822459
900924
773235
564197
230560
773348
476399
422940
265777
772980
339165
568358
834619
361111
226980
638229
889770
919154
303169
921092
394214
443578
771999
541578
710678
124915
825436
367919
701072
662376
249244
932328
640995
626281
896294
379753
749780
196439
948055
650193
332078
387936
831164
894361
628291
782558
645699
126782
966407
606624
196631
570958
538731
683305
641532
314688
937956
681075
238188
531543
950442
978190
537275
945166
934969
238341
173343
857790
545274
281457
875629
635782
337519
785903
999898
615194
980350
659755
785421
746344
154281
366749
794999
310710
178021
615047
154046
212931
347621
851365
456698
839479
867270
534223
618290
645074
749821
831811
110100
927095
589895
204213
818369
745381
439173
528987
367617
515665
426965
475695
920177
416940
795213
679693
104101
721913
160493
818910
768512
786446
439559
694319
256391
268819
294472
672242
615849
332871
661941
680752
144598
992248
205755
131900
157479
689679
441249
570523
182090
153917
640666
727684
292909
378611
690216
280584
381478
173851
691224
761613
775804
236992
978381
937476
646280
758257
217276
868297
546042
381550
213980
280732
139244
130255
332765
529077
169696
887129
821903
291924
113063
655912
232862
580751
703438
852842
839516
197031
404424
196311
176771
301228
595586
597341
902545
575602
826122
123965
225998
640917
832938
160217
788124
111386
450556
976992
645398
470357
267547
427803
861896
388162
533021
673515
105536
682466
461338
233091
896033
797782
444473
551204
272967
351495
302170
147559
783762
205843
691753
117155
320852
747956
528312
461737
460658
387212
605665
168877
170665
696277
271745
328522
674789
238554
155104
313428
678467
173180
646500
436542
763198
375637
650571
848483
211158
521966
129695
576077
160074
303250
738041
352160
234325
327323
548851
301344
117846
101120
886240
199015
900756
518068
689550
518736
359166
880543
273378
502580
648395
685050
993008
594102
496448
576991
972698
571863
448618
280624
866563
123767
952495
252811
913214
566256
653034
315989
933651
205990
621849
110836
527187
706623
993840
552742
332968
320652
146651
732649
400450
818149
668441
511690
340424
591907
413428
501918
279221
758938
268911
157370
250981
866821
254603
722268
910267
857756
965928
188607
609392
561642
321888
862119
490719
969688
249167
551717
982209
416347
343808
656440
533480
615770
974189
940573
271061
287196
772718
472326
144320
550590
741411
244733
243282
762240
881308
594129
839960
413921
536341
819730
927195
571459
888306
181719
310213
937451
522293
701613
530673
146675
212175
231091
764194
524725
940253
286373
566930
499807
942354
699241
388241
431377
236868
547494
659564
222793
795245
626970
722035
141161
277597
343984
442831
217823
731283
780189
321439
152852
661053
772660
520252
709961
178762
132172
316515
974469
247114
761990
128245
642812
895170
218865
765889
120551
417811
242952
614664
293271
428968
408770
527301
229736
120299
185240
130798
744848
131760
791879
629032
547379
718882
383117
717788
872262
349123
353812
553755
299703
552727
694166
680286
363960
971982
956205
792138
848325
520996
943014
928940
466021
988416
366669
371518
448018
307051
648002
267449
235550
961430
208160
567058
332983
305305
834904
478055
282558
884161
539591
203726
408542
462164
737511
551670
839861
428590
551179
417054
389436
979486
711682
518761
506244
190095
940716
475532
127715
635667
549433
586994
926386
905551
304126
993706
592571
309714
752479
313498
431780
684335
540412
743059
549705
370943
774486
515067
833040
499718
694109
277374
759695
140434
662665
754316
212386
259513
441316
301676
507733
825575
412933
522191
241813
808018
485774
255676
403570
167730
606982
462702
802622
674321
181638
387828
537857
354801
739527
414276
279388
836114
982709
973555
408247
793686
915235
708304
831967
864548
649268
823844
783869
141041
980412
528035
670996
839949
952977
294397
572440
857260
981939
841203
911732
354339
709331
477758
939789
900072
439858
993099
223904
649596
853561
496541
518247
531656
348288
476730
167904
595103
711870
301374
929997
887572
450181
689933
659258
476992
550113
396744
346118
149135
150566
132377
728236
351789
445633
568825
188109
818853
845896
708382
776263
176048
683437
571303
369791
468844
859669
680275
464815
175525
703625
835413
457440
430243
326197
173415
697623
377367
738481
663116
861778
240909
261807
579217
754837
299574
896415
582537
727765
845500
834113
938774
782717
774372
875551
611059
446039
358299
119783
988479
689796
640934
717836
823436
475523
414871
247491
221594
240744
279174
428595
698070
943905
279703
595911
134840
299055
545673
837013
800356
889487
282048
660982
456953
357110
199822
899947
274467
827037
865102
258560
483803
595836
221958
371543
774719
771852
170833
353441
816153
220675
942106
619729
705587
517530
449356
846678
533765
600352
308929
310906
881732
662331
803277
641596
624233
765866
640309
934272
140836
670923
301092
736527
792093
225914
195549
779064
201958
988602
576888
189033
751005
230711
991558
598469
548927
787226
975600
295265
326036
201701
375841
725283
549955
226386
669144
226867
905091
831967
718890
799473
841665
109362
786403
684593
601040
438243
763005
562367
933527
456882
183021
243210
717393
233448
255591
299122
367299
691051
822106
989278
147871
285632
714256
927511
271727
637566
524150
863009
208838
779139
951860
556644
808028
147636
713365
805953
710705
145914
205361
189489
625077
140288
701603
206967
664325
502090
675977
505491
471891
871791
514125
197910
782771
139038
395788
634592
478931
864043
808977
655146
372355
243255
688879
462204
539266
894718
642208
752385
931175
534251
678248
297232
924131
859603
867846
280810
257483
805095
242532
772672
485863
888312
571471
926115
767785
806497
225378
546517
855041
467172
257222
251395
939841
810750
832563
816387
168220
472406
957939
975733
829494
875821
120264
176429
213034
625568
767541
474767
843639
964682
637714
831450
307582
719004
199175
473770
899500
648454
683799
204332
555083
425201
155757
322287
731588
985643
513501
709745
594887
359133
107771
735432
181988
939676
783970
934385
868209
681633
320458
656330
160561
447658
750741
232524
728703
433712
374201
702122
613603
482002
997870
192208
687293
582041
173342
214647
926473
465436
773475
974679
601827
142313
322802
409389
614074
476189
902163
751834
127638
798839
871928
930881
224853
152330
437070
977033
633660
606030
843855
476249
392343
309825
169465
420024
619338
945575
502633
534060
388447
149112
502481
799793
938174
316890
398082
966055
793809
378528
827237
101602
869342
558828
156414
580361
241513
736590
278160
707804
431171
180982
199605
134176
289905
601324
642362
481636
727116
333857
859068
193082
747525
653048
941741
146766
971053
623383
298055
354103
748417
179220
629541
333204
124151
630181
373782
108287
649582
578485
302655
982193
946018
989635
512181
154375
725722
454837
506233
895732
535211
940469
457884
566897
408667
559978
929982
719483
852656
372542
244807
796495
667735
623853
824294
837508
941330
137824
318522
607469
554194
149876
213451
742433
858922
357270
282575
383146
158032
966766
138933
942112
644408
780576
777582
348714
189937
728065
618243
924561
491365
582793
264219
541601
933306
648624
638341
340960
174723
545397
415046
501219
336934
139985
977463
836261
373877
856644
647086
453251
379787
133685
556821
996705
520654
889971
348324
124773
433750
181399
631848
928469
750757
985560
749654
792256
191330
281043
291333
824472
851688
808042
916902
158663
128463
449765
596317
737914
393353
788118
870109
368110
287808
785107
542612
295030
931146
433260
303511
731565
548969
932268
248238
748410
321100
238081
666243
878626
494849
872424
808145
403118
862630
589306
973162
290277
803644
969973
559635
214587
632623
877606
858938
192547
433360
205712
772973
680384
184270
460525
479998
162329
636184
199235
259136
767993
867956
438502
783128
879926
119164
963305
966602
323449
615604
234759
646824
106815
261470
933530
934220
493195
450622
749011
171037
535940
566775
317095
991339
576990
960511
315575
407467
627465
453179
380017
145615
515660
655231
639907
651601
543857
844734
361340
882421
232091
579431
850185
552904
474705
334839
188980
246819
810824
185472
634668
126821
133420
900736
856265
250074
335643
592085
448110
143764
661029
785534
605047
319010
161828
981438
286588
831408
803604
870699
987598
228745
580402
755818
303092
781652
201286
147819
709738
184156
702644
798791
377574
170804
300805
363310
471675
129137
917915
493270
589429
285883
588330
407205
395707
961552
614702
411054
733536
943723
492906
668173
890653
328965
212915
443708
728469
538522
220280
371242
341358
190234
172584
774976
257235
826622
969749
420175
376188
376579
305970
235192
816001
675351
723958
239249
425630
338600
418836
623883
851455
932499
921060
935072
485193
335608
299042
896473
426172
966228
570523
496540
624175
235160
979456
794998
909499
719703
552474
237673
152318
578424
204715
399668
229466
536810
300908
683851
228693
953445
898960
370131
799611
453778
516023
755078
392836
920653
669206
249112
175782
548939
889216
265978
141626
946111
675530
405867
536811
383987
573843
115760
948983
156152
251112
567936
751428
831521
416720
371496
696621
566790
772941
675761
374738
671942
753902
508161
572409
519877
586734
150904
871881
129807
714873
260839
369647
813699
510366
252022
512898
574732
804503
470879
962663
187789
355572
517734
793580
726598
170355
537526
112436
860599
741969
494104
731255
882396
568751
889260
472360
730268
286192
477406
640417
540919
507119
393830
117035
221993
236263
933787
332215
535901
355586
727154
992240
307455
522774
249088
214449
244134
995438
675139
511502
792545
170811
993505
364890
714881
816961
702156
435651
105516
612788
416687
787183
745021
920719
800978
461568
497743
466374
136810
818754
659019
640525
621205
913811
511818
352698
596916
514683
731170
776661
530170
276487
333700
275544
519545
804138
222844
171031
347937
218598
654552
440926
896953
970479
108262
459173
273744
244028
359522
678844
929031
994287
387955
872673
984916
863147
257384
846165
190867
523873
479307
399505
887379
380223
300965
499385
597970
456984
595054
997550
217388
890389
511770
428792
413740
812076
874537
407239
795448
902528
491695
309219
582471
315171
986633
360664
542546
328790
441435
788532
558180
997051
164367
512858
327113
945079
781619
743491
694946
365493
113296
289474
294613
483985
655443
240538
889265
669095
511132
778807
657302
734125
720538
323352
645914
441741
631889
759469
349373
290458
341996
539853
137712
630954
899205
517689
288240
643605
538965
910079
887369
699725
233256
707252
766684
656400
337020
876618
287414
996647
634092
384355
664924
840985
477927
738841
938685
642296
619346
883538
953207
600524
698654
257167
632032
293251
287011
993749
780438
803196
262917
207598
389923
351667
332645
216933
811380
809726
200759
121209
972893
170498
342059
862556
523855
209215
611628
427423
603270
316199
542845
881534
431482
625041
902374
101356
636302
888326
464085
690371
852244
696717
744437
197674
992479
850729
209669
726031
346748
685743
287180
635034
433529
792059
819997
913735
562746
235797
840768
617337
915289
856301
723052
890134
445684
464843
259643
133002
291204
926792
476495
299884
485668
738282
316878
733485
257932
608281
240688
455382
897403
612343
950099
417213
647216
514203
809325
400222
187277
659966
839091
650938
684524
963952
770166
852676
324754
259951
317278
572842
504135
139535
692322
899709
636888
906283
133255
979804
476876
319726
389985
506458
474404
947414
327979
968565
657006
761412
509234
906535
446954
174148
265687
500431
610994
608938
364117
721761
927667
465228
454144
872218
278047
327823
731995
176848
101228
158500
810468
432615
609490
568969
587701
658386
405356
333650
749072
572725
685125
721040
216586
889985
811819
202180
835071
825168
971288
623758
493620
906626
922191
311614
689340
302983
679134
728860
418216
605192
397289
781632
346668
266025
710944
843325
492143
673024
452726
179280
821602
480731
368642
432404
147025
673888
147742
858379
535112
764531
825125
996360
932447
100980
317814
821896
373230
792885
868752
449046
400337
414912
825130
623638
530691
782084
261178
869720
780783
262647
956295
708665
614259
774361
501596
591821
539444
834379
230835
817477
272045
273114
380897
181093
514757
740446
960621
773824
888892
186205
108853
100585
517408
856929
964471
993223
129880
966007
715153
747376
724335
913214
208256
105918
495710
250034
985114
966653
229194
253707
642600
586588
987936
499505
102770
376245
727497
540174
856520
826748
996275
259939
531475
884565
443008
118771
604461
394022
602409
350076
143416
683350
934975
541741
865973
530058
447168
586844
383710
519710
324003
620087
161559
565019
826582
416870
833046
645311
710026
356508
118154
180680
446059
348641
850809
865169
448551
869802
781337
706667
236045
569919
432963
577764
184994
777058
368494
857082
958523
505666
737047
737897
515684
868004
914427
740543
693219
565465
693363
970725
685386
489815
125971
312562
932508
565796
509013
388018
786246
558416
964075
829760
257247
772420
924952
373131
348689
302018
225112
422833
508994
760916
808927
317195
200699
767178
563247
218573
646504
408168
879732
481217
662849
489307
845088
217814
739805
414920
166018
504052
365501
388295
459075
442462
213950
763960
334247
571139
625337
120222
976815
423410
214485
922689
117784
676564
316911
194635
407389
911045
322257
990304
975343
796485
411956
363826
866401
785409
861973
437939
862149
879182
256656
297191
197858
551233
606607
674041
816751
346745
443863
113881
305444
925535
675727
562355
946189
123563
130642
518933
127186
982429
757181
586517
508160
472120
291332
615888
774648
714193
701401
245520
479908
732157
782133
701965
129900
265893
726716
461821
777407
802810
181639
704513
542310
291287
355326
323298
648632
142067
506538
979464
612946
773633
568819
436637
810478
215971
567605
451017
719134
190667
614351
305871
452979
926153
979620
312427
980784
973229
324006
405357
240644
963701
714257
613650
786620
591095
624317
809360
447204
893691
117814
712527
653704
784002
304818
792912
349182
896223
779068
409539
531566
567272
716451
958647
398093
827791
972626
954576
149717
808707
397902
671344
932397
272755
912167
169035
217651
985067
727479
127888
695389
904525
690545
163373
243695
733466
152733
685730
174367
682961
827586
183335
442172
590953
472756
978139
410403
289123
417709
256723
746365
822397
560380
772811
331478
305645
388184
302625
824967
107389
287051
509157
841481
783190
159383
146962
759092
441608
155028
228162
788193
271041
210259
636988
788377
275723
313855
616087
750643
877035
909356
763303
797810
464239
640315
849505
666505
361428
268910
504232
169426
460345
964284
158502
356734
280755
277463
883057
617428
230632
513588
715787
225550
974024
194130
595259
786384
173750
428411
602644
921271
183012
684270
586151
473737
800690
939796
283841
882511
783772
337508
694643
943924
818384
346213
866946
344816
709529
220236
669812
696639
477527
924353
672191
958695
308360
308768
626058
600362
184188
625043
657830
300285
893899
538664
802120
509110
801812
955445
473414
443369
777378
556622
337196
589048
728015
533635
810366
498898
465086
867726
759311
969628
502349
950989
836163
555006
355027
964655
177053
557481
101831
306364
864665
439857
352167
711776
927505
101320
244870
321950
102761
119442
876019
872663
143305
368477
621463
984469
794887
456600
198055
617263
489163
828878
703140
916479
157803
398639
142866
915186
683868
670716
915816
150207
286573
561530
200299
790451
432993
398221
832439
747749
382226
689680
683851
389109
808644
616565
340781
549357
729166
723216
779899
762538
296568
951869
327961
933952
512178
551725
642757
102424
495878
221882
946891
384877
239381
810668
865575
193118
243843
114595
439342
397223
689036
454936
798975
681591
208677
973444
455254
429892
444761
873365
219130
187219
265556
480304
977420
835957
296645
110908
313535
419867
468979
563940
651632
136308
449147
362595
328488
730060
938464
627171
150183
972386
835661
477621
568920
275974
393307
782768
341308
443456
228529
870145
638333
661384
143017
886161
463105
531209
298275
325727
541476
648825
731698
980753
224223
332975
302939
645357
236847
141226
285707
954223
483033
895750
997543
910838
344717
740223
145506
887352
995560
688190
709234
604495
157527
723625
277723
625119
656702
224499
855124
578190
415509
630857
787327
261829
268276
884092
628354
339823
858337
705272
459535
968971
878296
351072
585758
164134
566567
436979
913663
427661
762425
644452
210618
176949
631210
573385
784033
139687
324302
520802
102276
906527
956925
428590
592095
205138
731307
733425
120401
199610
650012
293328
814003
201819
805323
125770
862783
154918
365685
869224
182283
290796
620925
343244
903156
417378
577800
399412
456000
986295
181483
329408
509581
926871
741385
862756
183252
387798
560440
642698
321332
556098
836886
853401
990961
838670
507711
102249
852488
841728
118604
779349
664992
154454
509717
636427
520546
215473
212527
844531
364561
585701
970594
210702
717097
843250
988012
738259
116522
132382
638392
355316
842973
138634
850230
376462
885142
466961
895057
737502
852577
870968
757844
721632
290582
342129
729586
559780
906188
792784
608876
775328
624811
987362
911470
660160
152243
717395
604568
131000
489298
296045
761322
323237
682085
843302
537554
678945
919487
609031
813579
174954
571299
701136
734582
759989
120459
484737
466983
560994
917524
123946
755644
160237
306517
808352
605928
549319
193317
570431
595123
105183
931641
941398
634954
927984
739717
608168
287902
368063
437043
298362
668708
276729
463491
471490
151169
859842
161089
675042
701467
263347
443326
778080
196389
530091
853361
890717
662961
858603
217298
912957
167516
763159
446572
480104
378962
642872
466619
889127
988886
186080
127295
904243
748159
647479
701333
474824
178942
766845
704418
187694
856098
946474
537969
611075
666520
198347
333789
523355
198694
909108
210439
503431
633785
438125
626833
249077
108290
765048
862869
283396
435378
414312
780345
761779
663044
183367
598402
935817
291074
718860
133822
437236
966977
832965
604815
446272
558767
896572
267304
111835
582650
593853
136765
664447
828543
841717
233187
266422
193604
497625
611788
176040
855154
700456
630052
914417
408852
244061
795327
192139
981054
438479
342642
620043
482599
472852
417005
716186
996040
191276
430588
165892
104599
797400
182364
507677
327285
766472
656429
135361
434335
332279
546259
239966
554822
154581
503272
946688
192075
560708
721169
755825
844390
713640
718092
868783
157567
211563
595536
888474
361017
739314
529110
403627
262826
146412
122062
231872
134182
648067
386399
839836
797073
126997
926384
122088
566745
568504
117181
848080
104936
463989
823100
628587
733031
234310
929444
315363
422959
127624
126159
577713
471211
209902
702508
844804
833593
524099
730356
132498
448782
512232
521703
686940
381557
494750
834235
913762
892038
824107
527241
519795
586399
643504
747327
208081
797737
320680
437249
209067
742078
857357
882103
135589
249305
989295
838092
703337
158923
155564
938351
460527
898143
935923
268657
667676
992631
889131
723384
538002
716054
552158
918220
627679
983494
335943
617770
377793
425325
231555
114384
254121
653319
442823
431961
874709
891401
112691
948028
436573
724791
252034
973769
456147
394958
214951
192126
953188
642045
410568
314314
774093
160545
993058
269288
619174
578166
499552
245730
871352
323120
537122
327189
254626
601283
950416
393810
302717
436745
280965
724759
233707
548613
438249
404933
374779
116377
274629
953827
455947
794096
242327
271697
806730
134420
124375
193219
110810
397574
688163
991660
210965
667056
271276
999250
489113
871396
936086
465527
214731
177326
142548
587958
298240
507892
108377
326670
525688
968243
728974
390445
851994
498463
423972
396121
747320
905017
235355
823082
245402
534323
480676
742107
556208
493234
246802
564603
636354
638274
402334
662103
980707
147560
755229
700120
598953
411153
405534
784304
795675
569069
141468
267400
189028
216677
919361
684142
272871
349772
550236
389917
886568
234605
737680
675488
992420
180144
857523
450116
961372
182248
106335
764733
231350
977572
449762
291296
363835
434362
416850
647356
516881
168755
922890
666212
233498
237236
279088
357430
422459
577627
205777
262571
855817
399265
721843
351290
140835
320777
901724
982487
936669
244214
511806
647744
299886
501060
989553
844896
727890
667142
622943
318446
517385
240748
636192
379912
100526
145926
528313
236404
994689
527562
247055
293800
951243
245097
469449
241401
344595
567792
150229
126974
473193
885923
581633
937051
881050
623664
466787
851043
564348
239933
706979
613946
569511
943582
664682
488973
953720
707616
677438
485058
983869
279822
527147
739418
268617
716608
138724
648988
638737
645860
579187
840388
595427
109804
703741
701984
335984
929146
102950
731584
556820
840775
262749
869712
496519
898159
400728
255213
261573
913728
333670
964262
789160
310691
429003
757746
693720
141312
526236
351532
916059
771883
576686
572658
880625
829100
252680
230583
971313
769463
206981
670489
914788
649409
191353
922214
554602
961358
202835
570464
884565
447296
857651
535168
595143
530352
979050
331840
771072
239799
592228
597194
468182
428185
959526
559055
637538
506835
109276
170124
729649
740156
907618
603073
231472
759849
451993
376228
755218
328702
375328
952074
234438
817464
392045
995096
269231
876888
557651
893507
316649
507331
284306
892978
788562
652360
842620
158657
109121
919676
312504
171923
183149
787927
308166
228312
709972
539710
845956
200173
703531
579851
559904
581991
790570
981473
232065
841965
995530
281224
572609
116790
914863
857083
137941
490999
658462
715287
893125
895038
246507
139502
412480
720777
516550
623578
789667
716653
356133
198539
157967
381337
955100
691505
658833
355833
632879
838256
118444
626011
893068
538080
497990
870003
394644
635059
830529
620689
438913
281175
982000
484491
417259
267702
798113
129300
749372
486142
889744
191623
591203
279408
227208
948805
779041
131752
511745
531439
371857
784250
277196
661594
651269
819763
979157
963212
421878
594281
382636
914117
910471
774983
576856
840286
783578
200654
314330
493152
811935
441752
815261
541783
760471
267688
611639
405556
581455
901823
447694
814920
307360
494239
689314
628491
673739
778276
928144
760407
976491
561650
601976
152774
339890
490725
147394
969572
658175
976208
569679
463492
598963
186476
303579
250294
573740
818507
410213
738068
637771
842525
917203
239206
163143
959810
838005
986363
494354
364778
748952
810450
940441
202325
458946
818659
258928
961604
791905
343190
852399
628087
750485
705383
518915
358800
154487
830449
351259
525422
619568
901224
713806
431899
792947
568922
279766
306689
432120
544291
897272
328968
762773
706059
347141
751096
615907
410690
616221
451471
865094
834487
338301
909118
504191
904535
513025
840766
215595
403339
523971
156416
621794
870334
181040
327447
303380
364304
270112
184235
197919
507973
666320
699157
914509
528868
422236
935816
511725
563200
965511
590462
948399
149785
856447
373612
761872
500675
471427
263209
334590
381562
881460
113326
954811
908069
835161
899884
864394
765820
439832
313545
459705
383156
392222
435857
943387
918543
253708
150940
849151
257876
711200
493670
438403
494439
185753
508665
649681
925070
515354
253594
541458
149184
294822
196507
250304
674364
363614
145034
977606
655756
518850
185711
146103
833874
308689
320577
829071
252716
965908
170914
824358
166146
819381
264189
422001
967424
802806
834716
133464
190215
163387
297091
220523
846683
211177
643738
429459
175717
789179
299294
901523
304147
728320
662996
714612
295437
517412
167629
594204
309771
677248
279614
233788
154707
497480
222109
626662
907814
957013
521068
857180
386178
687310
616771
805916
855587
177272
837822
366501
325814
415031
336726
478357
956116
432895
454001
643051
180505
564620
492416
144101
394040
101027
714286
582107
177440
414116
562109
291159
505268
802224
241972
292389
402283
535099
487437
128975
483210
377616
840132
243496
970776
474852
105193
545995
415907
647461
144026
420796
511967
868137
789576
778283
304454
902782
894967
452047
342219
771205
197415
843629
124607
982193
885220
305271
397623
608562
492683
181427
165881
352978
356383
514715
868486
774033
620658
337606
476952
345657
868509
868274
959238
667990
794434
150183
319799
543623
333171
244961
363065
113869
877392
977490
860510
792702
804032
950974
106812
405248
249173
237943
147270
826665
138570
117124
617628
804495
932346
768428
984824
914355
490546
780183
536600
470791
724879
529111
243385
346747
512778
308374
918255
890540
264274
263789
482891
936008
260534
397328
772714
385930
734102
470694
692472
249222
225494
558834
648344
226240
414912
656230
431351
167850
764011
484067
942303
265472
967248
269920
548275
314245
731956
763831
454672
425298
656126
119905
896419
435270
955046
808522
906538
152017
581057
386570
572216
877478
575833
937401
901987
750573
418535
594120
485649
599982
470113
949613
169907
586288
782102
288525
698477
184314
599889
911284
306089
530145
139863
333796
753348
371576
463582
803792
511242
615254
968701
783533
790476
817429
313436
780029
353333
258689
453529
574466
837334
324685
810507
313026
384680
951207
966174
957630
454864
277388
899033
316101
822167
334518
507837
424761
297652
563890
721225
218325
755581
215349
338309
691945
200657
148237
807675
843771
758191
707063
452736
800380
882330
737248
573430
640526
474325
279568
589361
701923
372403
374330
973879
996866
985824
763808
799313
550293
627860
745872
800300
845212
331713
567479
361225
657232
295472
846686
318580
854750
218701
910766
566867
286162
990754
181779
778203
603815
418193
551792
612442
490933
257935
791707
683584
327628
726452
150995
113889
123538
167021
940100
751614
349720
773336
445429
495269
855595
685535
303364
169255
126221
724315
556152
850325
186464
441666
916909
341765
246135
810509
654664
915933
976947
443527
854795
157495
385085
427146
809133
277394
461636
461534
733125
955708
393169
580918
860399
339790
489689
105689
681411
616169
774199
362136
231801
350563
175990
692401
405494
424748
777475
618304
142920
253620
295831
889619
716942
551424
132085
121228
705720
774840
467056
714891
127762
909780
764528
353417
373775
878631
732619
706969
314369
935224
292392
393532
563264
982799
578735
461377
586939
518169
692120
999973
427898
180496
923737
326383
768569
203026
107948
963470
735503
248981
204290
299374
778289
526181
511782
968891
716525
237644
301312
969281
828482
347333
572365
292916
971365
201529
405126
275805
430614
397749
989776
808645
893665
288678
516688
533082
159381
686151
172575
444996
315598
497381
100824
592621
870019
103855
530539
966524
854204
936923
219800
554536
258207
943160
777700
404342
669911
272958
129892
686917
486953
541147
954707
612466
328288
908928
346278
537338
688455
776178
342241
145182
516703
769631
377256
245051
860159
938558
200370
557645
851355
257630
671676
389732
299825
307048
898829
260058
563104
364435
511009
222223
412438
316426
541586
453421
667882
518838
315005
114228
313110
655009
435396
392814
778233
649564
512491
712690
893860
228933
556961
422375
961418
849328
225693
982861
292834
808131
640976
672260
467632
826771
132583
496997
564091
384675
303284
549987
690767
256240
852149
113507
212881
639136
555280
129193
531236
385069
269694
173302
905923
466249
719569
478372
162061
133684
349456
144544
584969
440813
611190
319031
166223
249139
499488
254274
957700
575462
851691
625728
529441
988476
859553
353828
474624
361657
496576
481194
968866
980798
770536
432871
184113
701078
697346
707588
136048
487191
677862
851771
754841
804185
860068
108250
195042
421300
743575
850311
211028
931032
768226
999726
601050
138930
311242
472432
425209
631953
571043
859553
493677
694756
504688
334174
327737
365753
642176
290297
565198
176838
483104
380772
693327
567240
920553
837568
224340
593693
761754
902174
811561
687841
694545
978168
883941
583319
160177
168251
887533
503388
827821
758643
326693
766439
515745
587099
814844
961117
643966
354665
606673
747466
860726
445837
736514
553274
369761
763451
571262
417288
440843
968810
488668
333514
924106
699777
234252
625270
177970
599577
463986
770579
574425
906018
377207
363748
474222
228179
813011
348859
243183
549420
890867
221046
719226
415899
465977
242750
273179
622183
297604
320121
367158
610968
719604
774041
739429
218413
693808
502306
164469
385207
868145
464618
613569
444511
327942
984602
366585
438419
763922
234838
906861
368570
182699
785990
974128
821337
432674
516845
660551
335352
409441
149025
229131
455691
756757
681101
718708
924400
200736
959005
450159
973966
585494
642147
837962
942236
248731
569084
516758
802246
985583
564997
254602
217902
818528
325346
175560
770946
819686
708946
378063
188660
214709
794369
551794
412446
812343
508021
718816
111207
870828
281438
375997
202658
734414
856211
165559
755837
358039
967765
599018
967135
468022
451210
223052
336346
524574
296472
836669
989327
644115
424673
301550
613702
182787
860083
605406
667929
163220
674673
823562
967394
168297
623182
248655
169653
700648
602863
119454
304210
611016
473821
494685
134700
507998
283559
968163
700571
400286
742857
864552
100554
723584
159295
296303
205710
107299
553628
398789
282796
489731
790683
870222
787680
190303
193112
458760
514024
120214
778186
363378
149284
780818
170869
779263
331698
699377
713533
296914
151692
585583
711187
890143
489444
615594
633255
874664
988316
790543
388533
853099
876649
632807
318055
637418
341639
972853
519762
532644
264841
928925
732497
479130
281453
907619
429783
653503
361445
916934
162622
866855
462795
960534
161470
654131
212112
693062
961021
867646
842047
608767
591428
513823
529178
632793
916311
466984
220736
229975
919649
297928
771014
301837
362110
201103
185248
475227
250293
318768
498160
907074
758109
207369
765649
973450
428175
161661
776285
901701
477643
621011
972536
497488
814439
878340
505468
972369
812480
150207
917210
419130
984662
326993
627790
148257
954172
671759
300733
851672
804849
797947
542941
666671
618485
565363
104135
259341
298282
101728
976529
959234
520821
181853
740306
797508
481229
617867
960586
557575
123823
884540
746910
784969
515612
847392
167312
166112
442033
525341
275529
256234
249780
949354
898979
490077
548699
950974
244461
239240
656576
560235
523623
995255
386471
832816
303800
237898
930586
990597
898307
369799
843978
603753
352705
983269
568970
379683
573323
410678
367289
941415
280884
843661
452467
224481
866416
531244
170368
838551
908913
201157
352884
751017
706166
657688
776089
889975
498179
453162
897552
239679
326908
507122
584921
554035
485571
978668
696971
947672
461924
673971
716162
119229
192411
115426
481771
487247
732775
661063
648040
368472
459563
758128
814401
532541
470529
113308
740126
101891
182221
827603
416417
878288
901190
469098
229171
821545
220166
297342
119337
976153
198594
844616
423750
929505
237366
568058
252637
662295
750660
957902
507608
845653
471487
267986
553274
748545
225424
474236
353120
476251
598595
424050
643765
487668
104935
622794
687228
729198
425748
333911
858848
587555
248156
616234
305765
999848
751792
740690
202691
233505
285862
145887
435584
889133
185287
236106
728730
439978
445609
801584
972753
534298
114207
279603
810653
350769
638973
527866
163305
107355
957928
811971
217245
100751
770540
765987
883146
945204
132207
309401
738409
438958
367398
949739
868975
474919
506091
810022
910989
233906
196097
331729
233398
448106
132188
331276
125920
440792
486332
131565
228852
853890
626117
967792
352786
405172
665204
575792
128238
747350
428216
469260
372804
804357
479398
942020
852251
941931
606987
582994
320169
582830
391823
733133
293298
103077
721547
457851
463210
153566
190318
103081
723227
769549
953862
658836
435843
250174
894035
366928
358591
243117
156264
926027
721918
763765
212592
167391
391318
842268
202174
768954
129952
436560
787533
586827
254201
214866
746952
879584
723007
302858
708371
610570
417511
533352
528739
932487
134417
172701
308657
855290
333405
483262
395899
926417
131992
970161
121504
512343
489756
492162
546819
269740
835390
790257
533950
773001
122425
596474
221405
463431
987258
427049
381130
222469
614257
782247
467584
719756
436240
253918
358514
730458
255723
661849
630215
275317
807793
224288
667981
507397
775005
374929
320320
472948
678762
800600
949288
138874
699626
408414
771109
283449
330282
232332
143802
368200
401312
244968
826189
175794
170942
280174
228636
925978
877845
629325
682782
960677
890546
357951
106689
192814
554498
605258
402299
774543
434043
500172
674607
726832
436208
426172
409133
189631
946722
299519
691832
751252
982253
729316
208936
143443
850930
307164
164460
756426
227909
170093
699757
352379
706587
811372
525449
461496
823859
369284
261177
428669
105804
298896
598038
743901
274146
789749
398522
347108
814607
470355
582477
656765
305941
849598
260225
524860
285817
949966
686701
136955
862292
333824
320162
345401
724730
985009
563017
761511
735579
622790
164802
573406
699768
913801
360001
949857
734792
140698
558080
309701
387814
642816
988051
265450
876791
790196
313682
607599
372001
706337
979427
940286
741723
315345
747209
870107
657774
687709
323672
414358
171875
281729
634709
164390
871251
477030
809308
446006
357920
922837
878206
393965
966798
358031
979078
926844
202690
454832
450054
941144
664240
477260
270411
111881
690270
348648
438438
238871
150352
593231
878625
548120
748888
176227
355010
616230
498464
803111
372775
583720
320929
530321
791605
459587
106768
294027
955017
895857
657027
784243
925877
833953
487284
713983
645601
114915
296677
968407
606958
836764
971804
821680
721047
827508
667735
202346
428183
826009
244542
352405
604787
317714
979286
241213
161347
557523
742007
228340
881131
910918
835654
942009
752366
992432
612351
577513
389679
784356
907694
967884
994945
990063
503031
610904
508160
767766
930410
470101
312099
596457
783622
987491
578886
504641
533353
555984
122487
435220
799095
634948
879527
617844
203737
615662
285754
895267
298564
291775
853372
382924
458538
999828
791409
496038
404496
233474
468072
150033
726058
504576
676474
298667
548935
214568
208140
523002
612259
958689
589351
607202
636672
134303
863190
630506
579607
740285
359163
471113
778993
507925
981318
100314
236738
680927
662162
328241
282965
933196
793077
977240
100873
151382
687915
531206
759563
136940
315881
974686
227512
228382
257060
591494
254990
229634
399639
128187
334268
145008
845982
813265
160821
566152
783458
588708
694584
396990
839897
766620
408489
972794
536396
678783
435541
666484
692646
422814
202404
136517
907358
924938
828532
102888
484584
429272
550842
147264
600404
598850
674565
711730
205255
100980
916246
165310
205956
479112
216821
376242
632102
734290
315464
168381
899143
230177
142587
140840
446571
505876
762396
359654
203361
923886
941391
109236
826671
587920
280231
677631
785164
573593
967601
380442
616310
231380
773347
882077
839671
987278
395287
462348
855618
291843
782792
939854
285983
701955
981430
928323
524517
653409
510241
138083
373533
141878
910098
804016
591593
476357
781170
856343
623155
726461
940470
938256
211501
717615
698864
427055
357689
907188
501573
571232
985102
364950
245211
333698
185526
664661
355230
656619
794814
513097
328046
271819
603143
396338
530808
183439
254523
318231
850515
818528
870478
890760
508464
994432
644748
166185
125354
157147
371504
119077
802300
259641
206624
816412
189304
188951
217910
346794
842775
394083
440347
746795
819756
563861
470909
483077
561773
314824
683588
320340
181405
242010
117452
635532
731066
443838
535081
735677
459392
341476
360013
893089
313147
364332
878549
601594
671086
614522
566390
511184
410860
213123
561559
116111
404792
847010
552787
944835
104573
288129
669107
575825
122092
910259
454816
371930
966605
791098
504055
533463
247545
309352
104257
124246
180165
415711
587744
435085
626952
580245
160636
716379
294740
571634
618566
185470
590884
145149
912614
302234
712530
515586
902244
771501
896874
772440
910381
500282
279443
573270
278095
342328
172847
720087
874026
724893
223265
409294
191720
291765
671368
554853
728575
886988
976493
842180
188570
534412
185224
283522
663243
193091
265273
442397
151847
609339
415557
133791
817093
839814
283031
709270
250544
590358
323163
868571
270718
978811
703436
713716
979693
587834
367942
650937
513523
486970
974261
824112
724976
725387
705852
242085
591706
916635
505459
480477
422446
188892
821158
413415
486653
839366
634722
981973
404782
511232
601333
689988
692496
824198
816357
524584
257467
373507
445955
613351
519923
436573
453156
603842
293662
340956
407735
948872
714506
466540
728509
688883
503355
328516
352161
459980
770357
725991
929976
280738
280090
230640
422615
840851
391997
161681
654874
965834
250602
480994
481156
550861
307552
192239
502645
685549
718333
375194
891441
537636
622071
297610
572969
368089
424395
499048
359343
303292
727518
165725
951849
242745
923716
810185
529537
643688
336027
538541
359708
777386
247381
998363
993247
947082
385047
548855
137512
895644
550226
851717
899612
872522
390176
155391
104485
242677
863902
562489
122507
199127
363716
147143
615391
665072
705524
341334
489478
116308
232008
836799
312938
953382
267332
388781
715044
592032
661005
868499
899124
720921
392477
356915
938419
701944
418680
316388
922877
466402
622489
461357
605209
907914
664609
905493
516023
793664
450350
434807
147462
401424
202706
144219
820125
311088
824049
686244
153148
971546
663698
992778
549941
474713
615454
566679
289181
135527
822876
626626
968119
433534
427278
107883
397250
750702
112374
232248
397414
162387
152629
574915
224912
893941
388884
957087
610161
198086
945455
561363
623784
372633
854663
217146
606416
364415
256298
867741
327148
262430
821373
254094
283620
395056
652629
940668
828314
837995
673983
855565
568975
426165
525994
667558
620292
228787
776804
289346
922515
147994
600669
870815
733748
506676
407077
935589
215847
292738
877609
785249
579147
501226
356424
898025
907435
318451
597618
523812
639725
711317
389339
794075
243551
799114
583290
108419
873850
529363
731934
700197
847612
682973
649579
630209
123026
164419
561325
189934
501542
119312
732343
166672
869339
564674
157446
703484
928859
408388
695858
454677
510523
791555
421793
722261
339715
327442
227754
304066
940392
959576
215461
522956
151003
289080
914838
631997
992138
515010
910352
302415
352401
211546
983390
339494
946624
288272
167963
335968
758414
550956
162160
204152
872783
941789
134776
229269
126128
503234
872098
810286
285241
975642
853549
786537
415182
225981
665328
867000
272824
314516
840364
560226
711759
694768
909906
783204
320288
745131
895753
775912
590901
610518
963980
630053
486344
807411
798316
583292
368550
179608
563332
491347
277079
585098
528366
366000
314251
172879
387984
530063
733525
138868
166080
861519
804666
448337
414246
815866
931696
734395
942785
761747
201528
471760
966560
931752
391014
528469
577284
731212
834555
366289
378113
481547
392134
591854
457152
126021
661191
924013
452553
736956
708360
862219
116597
236273
214288
560061
414862
810804
736718
645061
953698
131441
279921
714631
579625
115194
938305
998972
937124
276648
220051
427418
579574
286854
681710
418560
214101
160328
992481
497906
159142
852085
648822
304432
682139
293346
467545
462981
244957
111036
298608
397725
908971
663829
611493
880736
409133
502559
488763
286059
332470
756349
297715
357155
995501
967218
326254
606590
883982
414783
185190
240258
474401
740463
792976
827261
809954
373910
870291
532912
135273
246306
814919
877497
289118
896404
619585
456634
453334
856968
622154
549753
478453
625808
205849
625876
262658
532654
999848
148023
709596
249245
909096
839774
316247
351442
574480
678189
159693
854224
998177
934523
715653
815708
545233
876164
584373
815127
840210
220250
645864
404010
114545
466775
852688
622373
897254
169403
650393
973153
280982
162619
830550
841101
777021
161018
244025
278279
604576
479497
764376
784841
565004
355011
997731
233234
482003
442122
216961
732221
724650
546666
378823
736744
240070
363428
889001
877952
642978
413704
472479
356353
828719
514319
371423
430840
757415
558230
950654
265753
170045
806877
898134
592489
596970
325725
825577
966501
190006
631103
883694
914813
949353
372776
151139
298605
917326
136048
185880
641047
119870
840954
965406
785206
744789
468473
660139
947526
294297
686648
915034
841321
533386
180121
891728
312764
421133
898326
833894
623853
727561
750181
688751
104898
176571
845135
238309
441793
181167
860777
849360
935402
491520
326297
207632
234466
249722
957622
552679
289794
774030
307399
204852
967032
159978
455966
970581
955805
279740
257426
688197
433433
250222
238213
348598
739985
402658
496029
334520
914305
473976
717191
244067
118084
987913
934281
371575
960247
147033
392481
798759
528666
587698
460786
370228
492502
858045
850768
628400
737559
104059
381678
853803
914720
245405
190032
726672
641832
458090
264233
493040
292134
163383
508861
236976
840639
943255
899329
893875
740150
197281
582643
102335
638377
638618
640013
724320
147583
858149
875708
962444
797013
339217
193912
696868
782588
949762
504544
761693
943584
810397
701380
836480
720514
347784
906465
889964
955503
909286
491218
462011
213788
576280
281487
800299
532565
361259
688717
917499
339436
949068
548157
489125
942183
479574
761120
269242
608281
320273
934224
989574
970595
118920
149006
839606
570852
911534
266466
207334
850334
522168
967601
926640
385833
554284
483825
710509
122285
479963
547836
680189
626366
865473
266990
324304
375766
932613
482114
822044
536722
690559
980225
798461
369217
949357
869833
578699
228397
703102
653381
390763
151494
876718
178304
402170
380654
190595
828339
883123
818069
275436
889151
350415
802378
335518
819375
493219
985103
768488
805146
600735
770641
766223
508368
355771
877630
420451
525356
823973
673894
825460
361165
824297
487434
526432
301888
697625
749917
186912
528172
434021
357346
177742
155430
689412
576467
173683
369683
366420
461292
425221
849463
275217
236561
857948
236150
610051
376221
444544
315239
887015
264970
191001
880455
655280
327224
409525
199397
585591
509959
707127
704650
652574
773351
700755
572688
535631
600535
665247
176552
180741
822790
186407
565336
877165
357065
694111
785898
706216
679107
184031
759621
684993
511719
156936
190109
487576
283230
351417
744122
310573
466349
203544
463093
837698
356276
262704
834742
649745
872280
513891
782609
857879
693296
776537
924116
689867
959179
902218
120263
412122
202949
465329
701397
615599
705562
864295
106472
592112
229809
850013
475754
595435
493970
713748
353982
250178
485014
558100
774744
102736
289567
720559
116539
227645
875470
395135
938861
749478
437035
290504
934890
313094
703798
841636
320030
643176
275037
223366
719072
968833
809932
906979
558521
377062
230415
610563
792584
740770
165149
420360
671404
252460
229256
259296
966138
885573
952536
214440
376936
479840
173055
385379
332204
970815
540476
856226
555760
580754
802278
928515
616212
684647
977842
125555
743083
154104
916405
953398
768772
777598
539851
646315
654677
490037
598821
797780
525204
622699
707897
565928
211815
546948
437262
344557
330777
227923
906585
189582
159152
985533
311089
719505
767620
991458
662662
596866
831954
220265
755071
853705
395514
581785
303350
859009
847191
211974
473507
319790
447483
717300
719685
312671
107913
452278
886306
666481
353914
350932
483019
696338
722467
203041
942108
186622
896232
358562
506942
921231
801492
466394
676815
222051
777543
119171
790268
465503
128642
326468
190079
650652
597012
618772
937073
502015
996716
264886
341696
448464
144087
413447
837638
758535
868530
816360
494694
250171
989632
901225
423327
277750
748751
200652
513730
731071
977691
166412
871457
905563
726326
307656
896749
115282
779600
912100
358124
842201
797756
316703
965669
481408
227318
971854
468634
621815
735260
388462
929332
902387
373600
440356
290514
237384
636770
597913
571587
702572
520491
648725
652370
449152
935871
293053
612658
296213
897241
827932
307396
386481
881546
999401
212280
316173
437099
768786
887801
796249
167784
505644
569162
976724
611370
479636
610402
632512
105751
235487
933309
305357
447203
485102
572526
254072
236206
917256
113439
379396
315449
575169
933364
447557
449302
595429
106581
728363
249135
689116
613199
586322
772467
267584
577232
929266
705064
550936
485742
608510
147547
229675
865724
818713
615573
943428
970248
286965
572078
743882
188881
725318
837411
709795
629502
838141
705436
639958
352641
465864
516142
279472
790833
233333
318584
486488
347376
127170
788083
387698
198949
317483
377579
473647
458591
649813
621325
296217
384894
252538
616866
960722
990101
546300
668805
129619
150422
597150
250911
241885
532857
211761
486880
638277
364672
173787
703942
180982
941913
504303
328061
316040
146819
270127
427233
551049
489648
713548
241923
480396
894655
583734
383530
938827
202881
337633
773921
476371
154810
590971
586912
138983
371302
857878
203090
237522
767345
723153
244452
151765
460212
260799
663616
212025
818433
388981
507837
960905
289418
241870
294589
181041
841724
641590
487100
334508
245301
407991
901826
815358
780165
546533
287292
506539
982864
730019
108127
130097
240542
284648
401609
779902
634777
168901
269882
245391
423416
233378
416334
311151
916752
815641
828143
888751
580970
547096
814413
927800
197998
695872
669582
315661
236473
757356
445625
220255
291481
847316
795255
886199
838121
895030
548298
546858
175645
892977
172224
112568
475920
545123
856443
912704
486435
546995
764979
489241
947157
110124
627987
867796
794739
475417
845910
638094
351308
720400
480583
577637
467035
521645
214855
400664
552291
980610
958075
441733
764281
979097
545557
912559
887600
423546
449457
447149
275221
333544
828653
490547
225098
390719
970275
845499
663674
408897
297966
504654
272036
972427
259390
841151
401642
467470
609645
333413
400450
462098
423421
169032
650105
317642
311597
309117
638272
840708
935956
724443
520412
891637
295097
708535
972459
257695
114330
426152
481670
972317
845241
655264
734579
360410
460633
217662
518533
408263
723990
741158
675024
975737
236185
842978
905862
868572
552311
920723
701910
355524
310255
649056
116625
806005
580152
718205
960398
994940
818395
811605
439880
292076
486958
294861
976055
519866
957426
237651
259715
458775
713433
853474
674017
744022
455658
713533
259025
624576
427254
852310
936767
585096
613410
374485
886839
510822
942545
852534
445977
182476
705051
596618
905480
408227
794584
368110
351993
116693
915885
510290
130821
884675
288754
301573
699829
110775
231638
131275
305255
435222
363110
869404
804921
362845
695162
251366
752648
978586
232697
880587
895054
727236
816308
179899
265665
797540
848238
342507
860689
489861
232065
951958
286679
842685
446199
173474
462621
264704
754745
835597
365559
714211
925252
203044
690467
225120
205414
212658
308321
743320
731163
485389
168012
973626
520005
976125
230283
578301
695077
660992
433580
765952
840688
353102
731171
861978
203645
125737
283204
394540
411780
951026
814826
222676
111935
618170
844884
314014
554630
369203
516967
295120
909752
917869
975928
252732
890583
183448
679428
981637
235593
776097
530053
249683
714821
887811
332289
910527
111625
786821
305061
769740
418934
943088
481791
582964
925754
834445
326862
355076
832659
973498
339784
174594
398921
425599
466574
557864
235665
652329
775634
623512
509142
209027
646135
392393
367516
998232
635433
908421
683022
568817
677580
737379
163356
465516
834305
210850
366927
289993
143172
120820
249504
536496
741627
973543
198328
862399
415715
251514
459841
827108
721196
862008
447722
666246
340200
830049
865218
249068
368760
913759
778814
415698
299618
255436
826467
869503
261495
161522
567219
576945
988587
853625
768671
718614
247381
934504
975455
808212
815377
470136
796435
108742
683593
232130
890954
458726
859930
452940
544259
684226
418631
710396
148026
306057
490770
430078
302661
398841
572580
332614
419919
518198
108452
880660
102496
612448
333530
926174
179271
603198
579462
642799
740183
245107
866561
977799
452748
910761
139948
458707
870614
147491
866573
788269
509428
753894
693498
110718
383463
297041
849081
195742
269991
219201
631391
627736
964119
923432
825693
678447
470242
821185
545233
597335
770022
968326
409986
405586
806154
651943
677540
110594
336668
466060
779471
258573
967228
308049
600951
125586
132718
525084
779265
285888
739027
683073
534249
486960
999523
119673
601728
866966
683994
191556
445713
271074
872251
486071
556899
935468
607844
320405
348784
611114
640480
928600
391700
316869
830938
418144
518682
471523
148436
245316
739514
330315
857600
442493
160381
490367
984829
371944
378614
413861
427587
619044
921852
452774
376932
700711
608219
414859
112683
785560
687004
965001
979769
588429
772503
949864
542828
129450
825098
738436
395381
243509
248707
504824
803712
923697
122462
504256
805181
309760
525024
395625
762907
336282
542749
182940
828955
488866
813819
710619
162657
452856
797108
758113
987101
289797
265555
415429
504449
414222
976208
695426
674124
471541
258136
265467
487695
411242
993725
991894
257994
923506
336965
194148
512343
538071
136209
372725
485012
528228
701777
944241
659569
573145
173839
162763
815244
374970
689229
761480
161977
197428
270617
791905
269115
788433
698534
416143
799095
315730
898102
159876
240497
497417
216084
146427
715330
198540
872709
644173
794349
895340
753006
151800
835304
909422
995581
367211
375443
724537
207380
218887
679041
120509
672850
408736
532697
233251
190309
560210
746541
784361
267586
671866
344130
448808
708661
378634
686947
685381
211375
946444
900699
848633
716163
584936
137772
917677
963658
623219
468317
455015
784207
592181
153279
267499
877395
693064
659873
560414
608838
708441
897223
164686
521356
218177
529691
499237
343494
286258
156311
253912
636432
146586
271925
801318
599358
199684
647986
369055
147019
339111
331059
334020
113153
282732
388389
244430
261999
869098
457419
672247
787485
410973
674162
503356
607766
305538
269832
902302
472250
606819
115935
815174
734803
656923
294482
257142
311576
917021
890717
917428
308261
546149
498834
198655
911056
498732
943302
498512
185892
258407
776178
465721
655104
595673
742689
762432
881468
444031
175796
445135
814086
102321
781185
384865
921918
964196
507511
314872
640718
606163
409320
571889
633630
850589
504770
899021
774235
276980
298491
741977
683478
267408
287590
250139
682897
373180
429433
982046
659920
118187
744279
713014
402782
182629
969682
331837
154773
284838
245641
897087
340082
921893
473283
586543
841441
230895
894753
732349
598115
625792
134692
864081
599794
286206
997693
781669
365990
202497
398733
584455
883190
522030
309420
377334
900546
427174
172334
981507
970840
610805
247490
419137
242945
294671
360802
553857
575410
184875
996886
922866
416219
835643
281784
482935
655995
799916
146205
609458
839227
766282
662226
791748
857156
407624
805343
798132
779052
380503
729964
324209
995673
968173
759128
640387
916179
847267
743821
121168
112487
590973
348331
790006
178283
312628
113749
446133
615493
355047
569476
719105
905854
987788
314492
177894
879695
973616
805989
160054
134648
525525
350728
432249
326771
116488
770154
901487
975042
159118
948947
617069
955251
464655
980750
888199
120407
899860
672022
843694
966737
165373
336235
965653
697015
995215
240545
421596
465240
368359
355931
657870
681637
702342
103985
142818
331961
425659
178846
124004
761609
366616
523562
288638
126669
104395
297803
677418
427131
318780
693880
731702
924983
423023
718008
587583
458925
661524
827037
135790
142245
251508
124800
449964
656470
999186
621271
119727
409327
231738
151615
330474
408583
328081
916907
905349
350466
506144
949156
137041
329685
534044
162465
203189
617693
652198
928406
974342
480046
851659
887319
883954
489349
521373
915858
263910
132496
471703
129196
176916
519305
146400
889406
442254
817592
542117
810723
452354
312177
763849
743080
588026
740044
561058
315684
155350
947276
962775
776564
862312
656556
851528
514473
204042
623386
317544
565322
142513
649219
440917
352751
280691
816191
451937
739233
384197
911993
943329
181002
574852
420276
567827
306543
438174
675481
423914
808177
406952
442251
502915
575140
658974
989390
233521
472435
120350
966011
764254
737047
441349
760301
466733
327245
797643
610788
843448
813364
820961
824554
688278
685915
569512
667828
413823
945448
965089
998938
186386
370817
776868
659579
895920
739448
202510
539663
472918
280069
972834
610165
538211
292365
114459
865877
932024
747966
668071
326749
939550
801807
988541
354520
873243
486875
528161
742891
962844
994561
523957
426626
940602
713017
178753
764208
995405
105861
190901
127175
166425
787858
567840
195724
223634
269532
309558
668259
342210
644105
661085
662670
306108
389630
101566
558904
251698
689377
665818
419451
793897
931031
601768
477660
253800
510002
876102
708444
983204
975922
137339
763854
965205
710302
652014
334470
648661
274942
383844
377245
437262
268664
723161
723776
982183
186389
364493
620403
785431
406167
878752
279381
908976
646330
759771
868788
943332
334281
636752
341252
718951
491025
223743
227775
561121
812304
472560
860712
484375
727640
893469
743538
250358
136934
243134
737236
824081
323955
543351
673971
593621
926923
625188
700584
874593
459968
818998
972739
921029
470953
571112
142933
790620
375558
591765
165189
120858
744684
772610
274604
628476
207426
534562
426885
117913
586346
131600
582239
412720
849371
116746
845470
300425
646192
203081
580663
816563
293964
192040
354404
589881
345894
474477
452980
676777
144633
791064
112378
758117
880603
687530
119946
235249
887245
811129
455316
703771
982721
924775
144861
351932
505691
527343
110402
155332
923963
306807
561724
755555
754581
819144
512385
487754
855254
225837
709961
388201
598961
115392
691135
511417
385888
584507
343497
339968
486741
384797
123068
470997
725712
656466
665294
513634
528519
418261
546831
422764
777363
840060
221685
717445
734738
500329
891114
260731
751427
962932
103862
475527
129113
883098
843883
689592
886616
844374
727014
934987
411448
560756
637289
860868
746699
700763
728434
455626
812332
945772
918684
258995
462614
759293
250867
466896
649251
330663
324529
371275
714760
702356
462672
160414
737415
225039
912236
662920
484393
222578
951258
613327
745175
327310
490619
202206
637767
327628
875644
757279
931328
670502
440670
223672
167998
660173
923557
778091
616571
853737
385179
991508
462259
247233
602173
635943
122374
951650
248576
104708
531023
985859
428010
770820
935120
514225
986896
616555
601551
863994
945017
654406
367831
415069
103094
440165
123508
457163
744919
857155
747661
823438
183499
521017
741892
780565
848671
411544
230367
283911
311042
942308
556002
329449
465843
628539
667915
873962
328602
833645
531027
929515
135548
744185
581317
355904
611963
697554
877681
821209
991353
422311
126433
215061
958942
803575
945430
370422
173418
335772
444154
868119
222180
734487
752266
122209
812149
485947
152388
861881
770683
467976
840722
919760
948132
467792
190481
221235
390192
732467
330400
524455
368982
220355
415045
658327
808006
574017
898773
389840
230737
682381
279663
655568
117872
616105
244575
488988
886292
122163
680461
726853
708302
641529
238934
503839
475384
419678
264658
901702
867225
725323
638698
897278
425085
823555
139677
701305
110515
310946
787939
580470
513208
466491
703013
309463
731952
829183
656809
422259
478170
232248
789068
212307
490966
934327
980378
405474
991936
469451
366169
386947
472785
833218
866419
122301
974734
917541
625213
786200
600023
656388
768929
976981
270816
681063
243801
950875
620094
867720
483183
413360
720215
743113
410704
342342
615019
682139
165850
323492
479308
445500
685856
851626
472333
375072
347572
139615
535204
943674
518619
312918
357129
581122
167017
656587
215067
388521
190699
724711
113458
118073
626728
721200
932777
537821
273685
509346
401670
755572
177386
350346
468993
452549
186636
376361
432466
383058
715756
839280
663359
974383
365571
330956
588633
971545
712211
946690
110912
965913
758670
618016
365074
371308
941145
980141
227301
266668
918548
641844
854778
545384
308400
170298
401043
970707
309083
337637
494430
740863
716705
883054
294886
711572
168237
346146
848980
596759
655047
921068
461513
368452
807227
451616
646013
870319
964224
761787
771523
661938
561090
781317
697532
976345
392229
254627
934482
705537
441858
746753
734591
675627
593527
146200
805046
333157
203841
605354
582414
311835
940391
989738
697891
975681
327742
210204
499358
830815
857309
906797
491429
991501
931152
659263
564841
519432
613429
367362
385688
345119
150053
282093
267264
422369
746566
132667
465734
238252
846748
300775
545995
591259
164182
295556
484808
338319
669225
137443
946395
533159
368439
689078
547652
507166
621134
483726
965241
453416
330923
717680
136922
481460
126052
412079
872978
928840
440319
622770
791300
250485
863323
507420
368533
466697
208590
912439
451187
660228
247958
970346
802188
769129
911685
613432
709439
307512
959179
556039
225789
591149
629413
648120
570622
585439
633686
405855
193797
367396
938097
113443
367902
769375
312907
679688
572890
826233
984368
275909
794051
208377
