999991
999892
999791
999730
999536
999320
999096
999093
999019
998726
998702
998667
998615
998527
998451
998384
998299
998277
998192
998189
998059
997986
997969
997825
997761
997744
997687
997636
997619
997527
997495
997494
997474
997466
997457
997433
997400
997318
997285
997272
996850
996821
996756
996743
996486
996337
996283
996218
996097
996046
996021
995871
995846
995546
995512
995464
995357
995221
995138
995136
995033
994992
994886
994880
994776
994609
994531
994393
994388
994148
994132
994109
994082
993840
993815
993735
993680
993639
993615
993462
993433
993406
993380
993335
993319
993317
993257
993235
993065
992995
992928
992818
992748
992622
992523
992508
992428
992314
992310
992182
992136
992084
992080
991983
991726
991698
991590
991546
991505
990961
990877
990509
990507
990326
990296
990223
990180
990135
990135
990103
989913
989785
989748
989739
989703
989613
989577
989358
989316
989153
989143
989046
988743
988689
988621
988563
988390
988312
988277
988219
987816
987446
987398
987376
987333
987279
987086
987020
986948
986810
986765
986721
986484
986451
986341
986211
986082
985970
985943
985668
985480
985459
985382
985320
985305
985305
985080
985014
985014
984971
984928
984831
984634
984589
984570
984493
984488
984379
984152
984038
984033
983987
983728
983597
983528
983488
983422
983373
983283
983055
983019
982833
982676
982464
982416
982184
982079
981978
981958
981806
981772
981483
981459
981432
981176
981043
980905
980807
980726
980565
980476
980450
980418
980382
980319
980313
980080
980051
979871
979734
979687
979606
979592
979554
979521
979393
979392
979140
979133
978990
978856
978816
978749
978704
978699
978633
978548
978472
978346
978253
978184
978158
978056
977890
977774
977660
977526
977428
977353
977230
977134
976903
976532
976491
976392
976271
976226
976223
976164
976074
975887
975763
975714
975647
975328
975318
975238
975094
975065
974981
974946
974909
974799
974757
974704
974672
974584
974557
974333
974187
974145
974092
973989
973904
973845
973807
973650
973641
973608
973599
973525
973386
973262
973192
973161
973144
973048
973044
973015
972771
972710
972642
972590
972581
972562
972509
972465
972408
972308
972303
972224
972192
972165
972063
971971
971970
971897
971886
971810
971760
971604
971596
971533
971524
971523
971438
971356
971346
971280
971277
971245
971210
971167
971060
971059
971041
970988
970886
970738
970729
970637
970511
970459
970383
970331
970310
970154
970008
969912
969766
969736
969723
969642
969489
969173
969172
969130
969091
969022
968897
968781
968665
968659
968642
968638
968577
968479
968464
968425
968410
968151
968140
967987
967723
967592
967529
967409
967394
967387
967221
967161
966989
966983
966944
966849
966832
966827
966772
966620
966191
966151
965753
965698
965564
965495
965490
965354
965286
965243
965225
965117
965107
965077
965032
964874
964821
964614
964611
964602
964595
964581
964544
964353
964343
964191
964069
964057
963970
963866
963835
963501
963346
963317
963316
963285
963135
962961
962930
962856
962478
962465
962392
962338
962303
962242
962206
961945
961886
961885
961629
961589
961566
961537
961493
961461
961433
961336
961308
961301
961250
961235
961202
961155
961074
961026
960978
960871
960794
960758
960667
960655
960596
960585
960575
960324
960227
960106
959873
959850
959845
959842
959609
959512
959496
959489
959481
959445
959417
959376
959284
959265
958958
958931
958885
958878
958759
958561
958404
958401
958380
958375
958238
958228
958036
957996
957992
957640
957619
957508
957502
957399
957374
957349
957316
957316
957206
957065
957033
956889
956862
956322
956289
955963
955949
955927
955835
955379
955251
955120
954931
954884
954853
954781
954608
954600
954396
954345
954323
954185
954112
953947
953921
953919
953766
953749
953678
953645
953527
953525
953525
953521
953493
953378
953207
953204
953202
953178
953106
953070
953066
953046
953023
953016
952970
952920
952818
952703
952681
952629
952568
952459
952404
952331
952062
952050
951920
951904
951881
951801
951696
951624
951436
951416
951212
951094
951088
950653
950570
950567
950547
950520
950419
950198
950198
950194
950026
949906
949883
949820
949724
949466
949401
949271
949264
949251
949246
949180
949111
948997
948785
948693
948608
948589
948559
948504
948318
948284
948111
947828
947813
947802
947772
947372
947315
947293
947209
947074
946996
946986
946920
946763
946672
946562
946468
946451
946448
946386
946303
946218
946122
946025
945976
945907
945766
945746
945631
945560
945453
945435
945373
945226
945171
945070
945007
944890
944706
944258
944135
943840
943825
943761
943696
943639
943594
943514
943495
943491
943441
943409
943356
943328
943305
943271
943227
943160
943046
943031
943019
942994
942923
942867
942723
942681
942676
942609
942524
942465
941936
941779
941769
941753
941569
941542
941377
941192
940996
940889
940882
940856
940642
940514
940483
940327
940304
940274
940223
940029
939965
939892
939856
939846
939824
939785
939740
939734
939722
939635
939624
939532
939464
939378
939239
939210
939102
939091
939054
938969
938825
938797
938690
938559
938482
938418
938398
938098
938094
938054
937928
937782
937716
937620
937560
937446
937162
937111
936848
936797
936765
936632
936600
936109
936094
936073
936057
935820
935810
935759
935758
935731
935607
935590
935403
934915
934824
934790
934637
934453
934449
934202
934149
934147
933916
933768
933732
933337
933247
933231
933216
933060
933054
933045
933009
932806
932661
932558
932485
932408
932376
932269
932101
932000
931951
931773
931756
931735
931645
931605
931459
931386
931297
931222
931198
931197
931163
931061
931048
931001
930991
930936
930868
930831
930822
930779
930757
930741
930712
930677
930629
930499
930437
930429
930391
930337
930141
930061
929915
929883
929825
929801
929681
929125
929112
929100
929080
929008
928870
928636
928459
928275
928168
927906
927612
927576
927461
927404
927328
927304
927256
927205
927197
927133
927028
926990
926669
926657
926649
926521
926452
926415
926404
926376
926281
926078
926022
925823
925605
925535
925491
925252
925193
925180
925174
925053
924993
924821
924676
924456
924408
924302
924232
924183
924101
924075
924058
924041
924033
923975
923704
923698
923202
923110
922964
922828
922685
922558
922544
922528
922511
922494
922493
922478
922339
922209
921955
921908
921868
921730
921709
921651
921631
921538
921500
921289
921285
921190
921072
921066
920930
920774
920766
920679
920671
920202
920175
920172
920040
919940
919903
919880
919866
919719
919718
919651
919509
919380
919374
919338
919299
919289
919262
919261
919256
919147
919005
918963
918929
918921
918831
918825
918582
918260
918222
918097
917694
917634
917616
917607
917386
917356
917294
917225
917151
917080
917063
917019
916993
916903
916816
916801
916732
916719
916663
916343
916319
916316
916309
916223
915923
915597
915585
915585
915507
915495
915412
915385
915310
915298
915200
915181
915020
914995
914912
914851
914827
914768
914634
914482
914391
914146
913980
913891
913834
913823
913594
913501
913420
913403
913328
913193
913187
913169
913145
913143
913101
913024
912943
912904
912830
912830
912723
912658
912636
912526
912491
912209
912085
912052
912050
911972
911659
911599
911383
911337
911240
911220
911118
911034
911009
910820
910737
910731
910710
910680
910549
910419
910375
910272
910039
910009
909810
909665
909653
909572
909457
909434
909407
909400
909223
909054
908982
908469
908334
908269
908105
908041
907928
907820
907816
907809
907801
907759
907756
907703
907651
907501
907471
907454
907426
907401
907396
907363
907307
907221
907199
907189
906661
906659
906222
906174
906145
905971
905754
905678
905657
905400
905322
905286
905201
905036
904931
904926
904883
904832
904731
904668
904621
904586
904578
904488
904018
903944
903902
903798
903718
903713
903354
903346
903324
903308
903293
903137
903046
903045
902977
902941
902791
902780
902632
902473
902391
902286
902093
902067
902010
901758
901624
901608
901524
901301
901283
901259
901228
900925
900550
900460
900220
900216
900140
899885
899883
899881
899856
899830
899806
899669
899473
899348
899314
899282
899273
899198
899184
899164
899062
899048
899039
898969
898962
898941
898771
898710
898491
898391
898344
898257
898118
898112
898105
898024
897992
897970
897957
897818
897779
897650
897602
897522
897498
897434
897399
897335
897321
897286
897115
897077
896985
896890
896706
896682
896612
896439
896429
896349
896333
896324
896273
896256
896250
896215
896126
896038
895953
895736
895717
895644
895578
895446
895429
895234
895179
895145
895126
895107
895098
894999
894911
894798
894677
894550
894475
894360
894303
894291
894235
894158
894148
894109
894019
893897
893880
893745
893697
893642
893607
893561
893548
893506
893314
893123
892985
892875
892797
892778
892702
892648
892573
892533
892518
892298
892249
892237
891952
891895
891820
891809
891629
891294
891281
891242
891053
891048
891022
891000
890863
890772
890761
890603
890571
890354
890309
890258
890084
889941
889917
889858
889795
889782
889750
889736
889617
889617
889596
889408
889349
889296
889296
888877
888843
888835
888775
888752
888406
888390
888163
888160
888139
887900
887854
887829
887794
887472
887470
887141
887076
887031
886917
886745
886737
886540
886506
886412
886151
886127
886020
885997
885938
885916
885894
885755
885703
885564
885380
885366
885316
885229
885190
885108
885085
884816
884799
884481
884428
884399
884325
884100
884088
884041
883940
883924
883922
883905
883900
883748
883713
883618
883616
883512
883409
883250
883142
883128
882854
882780
882550
882203
882030
881971
881739
881564
881456
881399
881395
881298
880889
880729
880687
880664
880474
880386
880092
880049
879977
879835
879598
879534
879490
879344
879302
879223
879174
879040
878967
878941
878428
878412
878314
878232
878182
878169
878112
877905
877862
877628
877537
877486
877180
877144
876837
876600
876593
876447
876431
876426
876319
876277
876227
875898
875855
875721
875561
875508
875507
875255
875176
874976
874820
874735
874634
874486
874457
874304
874254
874239
874099
874095
873911
873799
873754
873699
873598
873554
873504
873320
873317
873316
873298
873244
873213
872918
872862
872356
872343
872311
872273
872247
872179
871989
871973
871930
871648
871609
871484
871366
871264
871176
871171
871154
871149
870996
870979
870979
870864
870842
870668
870571
870499
870274
870190
870110
870090
870020
869971
869891
869659
869386
869368
869209
869111
868897
868877
868816
868749
868696
868668
868599
868459
868288
868164
868081
868034
867997
867980
867784
867755
867703
867450
867415
867221
867145
867104
867100
867053
866996
866983
866935
866933
866877
866869
866850
866646
866506
866448
866437
866427
866367
866332
866284
866086
865987
865632
865631
865522
865445
865353
865302
865241
865185
865086
865085
865075
864984
864919
864696
864525
864500
864447
864420
864246
864033
863797
863655
863536
863367
863212
862999
862776
862773
862582
862353
862338
862289
862279
862251
862141
861934
861923
861611
861468
861259
861146
861144
861128
861057
860980
860975
860888
860788
860677
860661
860521
860502
860475
860434
860395
860379
860270
860151
859820
859690
859538
859396
859392
859386
859382
859343
859248
859144
859110
859077
858997
858848
858846
858821
858751
858704
858525
858518
858366
858362
858341
858330
858325
858220
858083
857911
857861
857762
857677
857617
857418
857131
857050
856751
856704
856693
856598
856496
856421
856376
856352
856302
856148
856098
855952
855938
855683
855426
855390
855357
854947
854907
854889
854884
854858
854833
854819
854797
854796
854669
854665
854460
854411
854393
854387
854263
854220
854204
854115
854082
854069
853908
853901
853776
853752
853629
853505
853415
852914
852848
852809
852675
852653
852621
852609
852545
852537
852410
852039
851986
851924
851913
851885
851818
851815
851787
851707
851633
851589
851547
851490
851461
851407
851341
851212
851212
851164
851102
850955
850945
850885
850851
850835
850735
850699
850677
850594
850540
850488
850274
850215
850207
850082
850020
849949
849890
849847
849725
849603
849564
849188
849084
849080
848944
848788
848741
848670
848665
848664
848656
848519
848493
848440
848240
848182
848006
847930
847645
847079
846999
846892
846882
846647
846617
846459
846428
846401
846372
846307
846209
846031
846016
845983
845875
845863
845808
845808
845759
845697
845654
845575
845544
845450
845376
845216
845195
845147
845096
845077
845037
845018
844965
844947
844878
844825
844791
844626
844522
844494
844482
844476
844448
844303
844152
843725
843718
843686
843603
843547
843544
843503
843483
843385
843251
843008
842996
842897
842803
842714
842673
842670
842545
842407
842349
842278
842226
842214
842205
841997
841980
841946
841586
841380
841272
841200
841199
841145
841127
841016
840926
840906
840903
840883
840733
840636
840517
840481
840444
840418
840353
840303
840229
840022
840002
839964
839854
839808
839679
839372
839249
839080
839069
838741
838548
838468
838433
838430
838278
838129
837989
837817
837796
837709
837578
837511
837361
837334
837287
837248
837173
837088
837046
837005
836982
836970
836814
836629
836548
836548
836538
836461
836335
836315
836304
836265
836148
836063
836021
835868
835698
835495
835488
835442
835429
835285
835189
835188
835062
835021
834892
834839
834806
834777
834403
834213
833878
833725
833723
833557
833432
833400
833081
833002
832892
832697
832643
832336
832323
832209
832121
832097
832094
831988
831975
831774
831756
831750
831728
831713
831516
831496
831411
831348
831252
830992
830841
830782
830737
830663
830662
830605
830535
830531
830486
830459
830373
830297
830205
830157
830093
829958
829907
829890
829880
829791
829675
829603
829492
829471
829397
829380
829328
829304
829273
829222
829085
828830
828373
828295
828280
828221
828140
828028
827833
827825
827524
827524
827498
827489
827418
827378
827316
827104
827082
827078
827062
826944
826939
826920
826907
826891
826664
826642
826480
826436
826393
826386
826384
826320
826272
826090
826010
825821
825645
825616
825600
825570
825521
825449
825169
824955
824903
824789
824530
824392
824359
824327
824224
824161
824067
824000
823892
823852
823826
823777
823663
823396
823349
823162
823141
823128
823119
823116
823067
822782
822780
822669
822527
822510
822506
822503
822417
822337
822331
822309
822275
821938
821910
821870
821796
821664
821612
821488
821445
821390
821310
821283
821119
821064
821032
820944
820939
820890
820873
820845
820743
820732
820731
820656
820510
820481
820190
820075
819952
819910
819810
819713
819673
819483
819284
819178
818968
818856
818850
818802
818775
818771
818717
818680
818648
818645
818621
818427
818426
818424
818341
818195
818072
818054
818020
818013
817948
817917
817827
817773
817743
817719
817553
817512
817335
817233
817193
817192
817145
817061
816952
816929
816847
816683
816615
816471
816471
816361
816233
816193
816157
816130
816079
816058
815934
815871
815860
815857
815746
815693
815439
815429
815334
815287
815255
814975
814948
814878
814820
814750
814723
814715
814395
814389
814373
814350
814300
814288
814229
814219
814133
814092
813972
813922
813797
813782
813712
813706
813474
813309
813047
812994
812954
812947
812905
812776
812738
812704
812638
812560
812556
812486
812453
812453
812435
812430
812412
812231
812177
812154
812105
812007
811987
811923
811859
811797
811788
811736
811675
811525
811292
811272
811206
811161
811110
810928
810878
810760
810745
810697
810648
810639
810633
810613
810603
810482
810480
810110
810103
810098
810075
810068
810036
809962
809900
809883
809872
809759
809635
809606
809565
809425
809229
809222
809180
808877
808845
808768
808661
808332
808321
808238
808220
808214
808209
808205
808166
808065
807923
807885
807674
807491
807175
807087
807045
806946
806255
806160
806153
806101
805891
805831
805803
805700
805639
805583
804857
804598
804584
804582
804335
804127
804125
804066
804060
804033
803984
803968
803647
803517
803514
803466
803432
803423
803398
803349
803237
803085
803066
802936
802909
802871
802863
802774
802741
802741
802642
802632
802601
802516
802494
802079
802050
801830
801818
801744
801677
801545
801525
801123
801106
800902
800508
800342
800254
800126
800116
800093
800092
800071
800050
800004
799973
799688
799656
799638
799608
799562
799467
799439
799438
799434
799379
799364
799349
799317
799239
799207
798991
798947
798815
798798
798678
798635
798541
798487
798397
798359
798333
797786
797725
797458
797458
797451
797290
797284
797242
796723
796663
796502
796348
796239
796146
796051
796029
795983
795910
795898
795750
795701
795633
795560
795513
795381
795288
795250
795127
794900
794713
794618
794499
794496
794353
794323
794266
794262
794234
794176
794008
793720
793698
793565
793476
793398
793356
793329
793058
792925
792885
792865
792855
792811
792762
792714
792512
792248
792045
792013
792008
791886
791884
791848
791691
791639
791584
791580
791532
791459
791363
791343
791240
791139
791051
791029
791007
790979
790886
790872
790822
790732
790716
790690
790654
790581
790555
790516
790405
790331
790235
790181
789860
789760
789739
789637
789585
789543
789536
789487
789134
789041
789001
788958
788938
788925
788781
788735
788580
788549
788515
788346
788293
788251
788250
788249
788223
788070
787770
787576
787529
787393
787392
787391
787377
787199
787048
787035
786970
786738
786550
786544
786513
786506
786341
786337
786245
786046
786046
786020
786016
785978
785922
785697
785650
785632
785574
785475
785431
785417
785400
785297
785225
785206
785205
784851
784780
784551
784486
784165
784140
784138
783779
783753
783731
783527
783264
783112
783077
783020
782762
782728
782696
782653
782617
782584
782558
782533
782414
782396
782382
782187
782156
781994
781965
781960
781936
781919
781814
781810
781769
781714
781677
781496
781486
781435
781434
781311
781300
781210
781183
781144
781133
781116
780990
780809
780795
780641
780637
780408
780388
780372
780369
780144
780051
780039
779971
779856
779817
779774
779569
779557
779380
779379
779347
779300
779285
779049
778844
778831
778796
778776
778771
778692
778526
778483
778476
778248
778218
778175
778169
778110
778032
777939
777939
777918
777914
777662
777634
777558
777458
777424
777410
777333
777161
777137
777027
777006
776920
776845
776795
776654
776591
776572
776571
776465
776392
776330
776200
776174
776105
776011
775941
775853
775771
775766
775530
775490
775355
775249
775129
774801
774684
774463
774414
774373
774258
774155
773793
773407
773393
773389
773374
773357
773294
773125
772978
772842
772732
772676
772612
772568
772527
771916
771912
771885
771576
771423
771304
771167
771150
770851
770799
770765
770739
770672
770625
770387
770367
770350
770335
770322
770299
770291
770201
770182
770162
770092
769886
769802
769574
769570
769532
769423
769298
769243
769234
769116
769039
769031
768921
768741
768693
768593
768483
768368
768165
768088
767853
767775
767639
767612
767523
767335
767065
766991
766863
766757
766712
766698
766685
766646
766504
766403
766395
766188
766040
766032
765986
765865
765836
765790
765528
765306
765285
765185
765151
764916
764753
764550
764538
764484
764458
764451
764412
764395
764006
763814
763736
763668
763637
763411
763398
763310
763276
763267
763263
763148
763060
763004
762457
762265
762149
762112
762002
761748
761718
761660
761548
761520
761467
761208
760657
760501
760277
760242
760205
760102
759937
759822
759808
759803
759776
759743
759588
759493
759403
759134
759133
759100
759085
758938
758806
758776
758706
758703
758661
758634
758612
758585
758584
758569
758539
758315
758271
758215
758203
758172
758112
758099
757936
757925
757901
757708
757656
757624
757574
757476
757444
757355
757274
757193
757133
757122
757093
756776
756749
756736
756712
756683
756511
756496
756399
756259
756255
756185
756102
756025
755892
755615
755423
755397
755256
755167
754768
754556
754539
754457
754335
754310
754197
754184
753999
753916
753788
753746
753589
753468
753465
753267
753236
753142
753103
753071
752844
752665
752504
752435
752339
752226
752164
752092
751890
751804
751756
751752
751752
751740
751584
751542
751406
751388
751311
751301
751243
751240
751084
751084
750962
750780
750774
750592
750454
750454
750314
750289
750253
750196
750132
750053
749864
749669
749665
749651
749491
749465
749444
749417
749188
749133
748981
748832
748820
748642
748449
748437
748337
748041
748025
747998
747909
747853
747508
747146
747110
746927
746882
746836
746834
746713
746576
746566
746271
746178
746137
746103
745807
745722
745625
745622
745585
745562
745450
745375
745349
745309
745160
745149
745074
745029
745026
744958
744905
744648
744574
744384
743900
743750
743748
743734
743724
743616
743480
743385
743331
743176
743167
743082
742731
742613
742378
742371
742226
742181
742122
741984
741877
741797
741711
741462
740813
740613
740506
740437
740364
740353
739925
739660
739577
739451
739335
739220
739128
738957
738930
738817
738677
738670
738587
738523
738467
738373
738310
738265
738125
738069
738058
737994
737890
737690
737639
737466
737190
737155
737114
737044
736977
736721
736592
736483
736420
736218
735942
735729
735725
735721
735521
735292
735196
735113
735099
735023
735014
734892
734886
734793
734595
734555
734398
734398
734371
734347
734185
734109
734075
733995
733971
733920
733892
733780
733776
733752
733282
733275
733224
733145
733052
733051
733043
732991
732715
732700
732695
732583
732457
732452
732004
731981
731979
731835
731655
731643
731587
731547
731443
731434
731427
731360
731280
731130
731114
730950
730847
730814
730494
730296
730240
730227
730139
730102
730022
729750
729750
729570
729404
729377
729295
729291
729239
729217
729144
729130
729116
729026
728881
728724
728692
728686
728679
728676
728508
728385
728307
728110
727914
727860
727846
727833
727774
727741
727647
727647
727461
727338
727280
727264
727260
727225
727125
727062
727019
726995
726926
726878
726732
726622
726565
726494
726178
726174
726055
725928
725832
725715
725511
725323
725110
725024
724976
724843
724686
724621
724567
724185
724118
724026
723971
723811
723712
723624
723606
723363
723328
723061
722901
722884
722683
722525
722473
722471
722317
722223
722020
721948
721930
721917
721768
721720
721637
721624
721611
721580
721579
721458
721293
721233
721195
721168
721143
721099
721036
721001
720986
720765
720679
720467
720434
720281
720190
720184
720160
719917
719911
719906
719782
719763
719690
719483
719473
719414
719213
719211
719199
719182
719161
719123
719072
718880
718624
718545
718448
718366
718174
718173
718014
717930
717844
717628
717601
717554
717530
717406
717398
717133
717114
717060
717048
717044
716991
716698
716666
716606
716565
716266
716146
716077
716045
715972
715889
715888
715877
715764
715743
715659
715596
715543
715529
715526
715374
715324
715287
715264
715256
715090
715030
714998
714963
714918
714824
714580
714556
714246
714162
714080
713998
713972
713927
713891
713849
713835
713493
713350
713124
712934
712896
712819
712806
712645
712530
712352
712281
712182
712178
712171
712152
712127
712096
711971
711794
711687
711570
711418
711399
711266
711196
711134
711051
710744
710737
710627
710593
710589
710561
710256
710084
710062
709995
709852
709843
709795
709645
709628
709546
709526
709365
709181
708955
708900
708778
708741
708662
708417
708411
708333
708257
708192
707779
707760
707713
707611
707567
707254
706977
706772
706705
706392
706238
706138
706090
706039
705997
705980
705944
705930
705858
705845
705810
705776
705700
705611
705604
705580
705468
705457
705446
705407
705288
705248
705227
705223
705219
705166
705051
704996
704799
704634
704595
704586
704550
704371
704233
704104
704089
704047
703835
703623
703594
703426
703380
703283
703266
703169
702924
702871
702603
702597
702288
702161
702069
701923
701912
701842
701776
701765
701627
701624
701572
701504
701484
701454
701364
701352
701303
701259
701018
701000
700971
700713
700644
700611
700606
700580
700555
700023
699883
699870
699767
699752
699668
699664
699642
699533
699330
699323
699053
698933
698882
698826
698820
698713
698558
698523
698456
698404
698345
698333
698169
698143
698073
697813
697786
697536
697511
697447
697190
697152
697080
697001
696789
696753
696669
696577
696574
696515
696344
696295
696281
696236
696013
695989
695931
695897
695857
695718
695654
695606
695420
695256
695234
695209
695181
695079
695066
694961
694927
694910
694819
694758
694527
694495
694494
694439
694437
694415
694387
694315
694119
693825
693750
693682
693658
693529
693520
693428
693215
693102
693080
693077
693020
692886
692786
692779
692717
692642
692635
692614
692359
692354
692330
692189
692093
692010
691893
691858
691821
691647
691354
691324
691293
691283
691234
691200
691119
691033
691023
691003
690923
690835
690729
690708
690692
690626
690622
690577
690433
690281
690117
690044
689768
689758
689334
689147
688975
688664
688542
688417
688184
688172
688087
688047
687995
687745
687645
687561
687554
687354
687337
687261
687213
687094
687058
687055
686917
686897
686886
686777
686575
686509
686483
686401
686245
686106
685989
685962
685889
685852
685833
685780
685585
685517
685457
685339
685207
685186
685183
684988
684765
684697
684689
684528
684416
684407
684108
684033
684033
683859
683798
683738
683519
683509
683392
683317
683237
683075
682853
682796
682794
682508
682360
682207
682133
682062
682028
681890
681886
681837
681752
681575
681542
681487
681482
681383
681282
681195
681154
681088
681050
681027
680830
680607
680536
680474
680425
680276
680244
680078
680074
680041
680008
679735
679724
679723
679625
679535
679480
679250
679031
678976
678885
678879
678569
678476
678476
678404
678388
678331
678097
677992
677979
677928
677886
677853
677831
677797
677636
677502
677368
677354
677279
677242
677127
677080
677012
676968
676949
676918
676802
676766
676745
676706
676440
676357
676319
676313
676150
675989
675859
675736
675727
675726
675551
675404
675388
675366
675366
675255
675205
674979
674932
674719
674658
674567
674526
674484
674411
674361
674336
674319
674304
674293
674288
674267
674198
674193
674080
674022
673973
673865
673665
673570
673471
673422
673154
673040
672987
672923
672919
672860
672846
672655
672597
672337
672328
672188
671962
671554
671510
671469
671279
671268
671160
671156
671141
671080
671046
671020
670978
670746
670714
670680
670535
670473
670340
670316
670311
670244
670228
670063
670000
669718
669528
669471
669297
669289
668946
668890
668839
668767
668660
668631
668606
668551
668545
668469
668372
668350
668164
668161
668090
668009
667962
667564
667535
667473
667467
667273
667176
666986
666875
666801
666785
666696
666564
666274
666225
666040
665953
665932
665872
665833
665828
665778
665776
665673
665596
665538
665496
665413
665405
665293
665204
665117
665062
665038
665019
665011
664901
664789
664744
664540
664415
664342
664224
664125
664063
663865
663839
663794
663725
663718
663651
663546
663388
663364
663318
663205
663185
662916
662898
662753
662664
662535
662445
662267
662249
662184
662158
662106
661993
661953
661828
661763
661683
661677
661481
661481
661447
661399
661368
661351
661349
661323
661277
661027
660898
660747
660672
660517
660502
660460
660344
660329
660265
660248
660087
660050
660016
659944
659818
659770
659760
659708
659694
659626
659558
659450
659373
659342
659160
659040
658918
658820
658788
658738
658734
658671
658564
658491
658328
658161
658115
657743
657741
657726
657554
657433
657395
657378
657319
657299
657287
657097
657073
657035
657034
656981
656885
656556
656510
656485
656295
656195
656061
656017
656015
655986
655806
655801
655742
655685
655447
655419
655370
655354
655197
655172
655092
655085
655069
654982
654975
654957
654952
654887
654769
654733
654677
654676
654628
654588
654390
654362
654266
654252
654213
654161
654051
653991
653492
653476
653443
653410
653374
653252
653242
653108
653028
652815
652762
652699
652582
652546
652118
651959
651922
651753
651579
651469
651421
651392
651385
651352
651349
651316
651309
651288
651270
651062
651026
650874
650786
650731
650667
650640
650611
650465
650428
650355
650277
650226
650219
650088
649943
649803
649765
649715
649634
649477
649476
649465
649327
649098
648901
648741
648639
648637
648487
648395
648310
648228
648116
647990
647700
647662
647653
647643
647600
647564
647412
647269
647220
647205
647183
647162
647106
647004
646581
646561
646515
646490
646484
646239
646006
645942
645828
645634
645591
645568
645441
645419
645346
645176
644856
644843
644843
644814
644805
644745
644329
644324
644289
644200
644198
644144
644044
643929
643924
643923
643760
643758
643588
643473
643291
643209
643162
643161
643038
643005
642882
642864
642834
642750
642528
642525
642447
642389
642348
642287
642264
642192
642008
641842
641585
641149
641109
641025
640796
640730
640726
640702
640650
640605
640593
640350
640271
640216
640192
640085
639996
639977
639924
639908
639437
639435
639394
639202
639061
639045
639027
638726
638567
638408
638393
638392
638381
638375
638260
637828
637801
637785
637759
637582
637473
637435
637416
637408
637297
637214
637125
637069
637056
637029
637010
636857
636829
636737
636703
636644
636577
636560
636479
636464
636361
636294
636087
635980
635914
635749
635689
635633
635561
635425
635389
635305
635284
635267
635249
635237
635208
635193
634918
634909
634651
634632
634563
634560
634428
634366
634294
634232
634153
634109
634029
633906
633723
633598
633439
633190
633039
632608
632431
632314
632220
632216
631984
631911
631863
631752
631724
631676
631638
631606
631448
630973
630942
630837
630780
630752
630743
630735
630703
630618
630548
630430
630420
630176
630160
630104
630031
629902
629879
629809
629598
629555
629435
629354
629181
629024
628962
628678
628575
628126
628119
628075
628061
627854
627816
627276
627250
627206
627141
626996
626908
626807
626690
626666
626639
626605
626542
626504
626417
626102
626077
626042
625875
625686
625342
625120
625073
624853
624777
624251
624071
624009
623940
623910
623718
623711
623521
623503
623294
623192
623121
623111
623073
622947
622712
622322
621958
621865
621862
621730
621707
621616
621147
621131
621125
621121
621057
621040
620938
620833
620829
620804
620537
620210
619905
619882
619739
619654
619587
619546
619496
619446
619229
619078
619033
618949
618769
618717
618691
618679
618497
618495
618408
618408
618240
618189
618183
618050
618033
617773
617686
617628
617608
617525
617459
617457
617200
617158
616879
616794
616666
616583
616498
616450
616254
616117
616114
616017
615822
615787
615662
615616
615527
615510
615501
615495
615471
615454
615405
615397
615309
615241
615208
615029
614919
614756
614746
614624
614552
614458
614421
614282
614212
614138
614012
613917
613878
613780
613729
613543
613382
613334
613304
613162
613131
613123
612913
612839
612798
612730
612599
612460
612249
612164
612115
612019
612016
611803
611801
611793
611449
611449
611288
611024
611017
610878
610875
610784
610682
610650
610453
610442
610423
610373
610330
610311
610246
610147
610136
610033
609989
609798
609665
609660
609596
609571
609484
609345
609321
609317
609215
609172
608944
608717
608579
608425
608263
608195
608187
608004
607747
607740
607658
607580
607549
607533
607495
607486
607286
607184
607174
607071
606921
606819
606818
606769
606728
606657
606505
606434
606334
606214
606197
605920
605698
605511
605383
605325
605321
605239
605147
604958
604949
604907
604900
604726
604585
604514
604316
604312
604309
604297
604139
604065
604022
603974
603949
603933
603813
603722
603531
603433
603302
603294
603242
603149
603122
603117
602901
602896
602832
602787
602756
602649
602626
602564
602432
602299
602272
602205
602123
602089
601995
601987
601890
601850
601521
601341
601244
601184
601148
601093
601005
600942
600932
600857
600787
600491
600400
600312
600312
600191
600061
600029
599928
599922
599914
599844
599805
599484
599412
599403
599326
599258
599249
599178
598883
598760
598621
598585
598503
598375
598273
598237
598190
598189
598185
598145
598124
598114
598014
597976
597958
597905
597835
597779
597657
597589
597491
597385
597382
597078
597062
596950
596931
596819
596586
596526
596437
596123
596085
595924
595690
595650
595591
595382
595379
595235
594886
594869
594755
594747
594675
594536
594431
594377
594212
594006
593990
593984
593812
593718
593308
593213
593043
593024
593012
592916
592708
592413
592382
592352
592319
592228
592208
592119
591924
591880
591872
591860
591841
591686
591629
591566
591421
591337
591305
591292
591172
591098
591057
591014
590884
590779
590621
590374
590303
589782
589727
589614
589567
589541
589467
589378
589365
589125
589107
589064
588976
588820
588734
588605
588463
588391
588272
588122
587414
587383
587365
587344
587339
587327
587293
587113
587086
587003
586891
586826
586825
586720
586294
586207
586204
586160
586061
585958
585744
585644
585585
585518
585495
585425
585365
585286
585206
585009
584839
584827
584546
584456
584224
584224
584222
584132
583634
583498
583497
583471
583403
583200
583187
583172
583047
583000
582891
582866
582815
582809
582625
582575
582511
582293
582204
582169
582109
581608
581533
581369
581346
581283
581282
581259
581251
581246
581226
581108
580890
580872
580870
580866
580857
580797
580727
580633
580604
580598
580579
580574
580551
580535
580105
579599
579365
579361
579275
579243
579228
579171
579048
578998
578956
578940
578811
578768
578623
578591
578400
578323
578169
578168
578157
578149
578138
578094
578041
578006
577948
577897
577768
577766
577633
577623
577613
577613
577543
577448
577403
577272
577199
577036
577024
576988
576898
576827
576757
576686
576580
576488
576428
576408
576382
576350
576264
576253
576183
576139
576119
575986
575905
575877
575819
575724
575653
575598
575408
575373
575137
575076
574964
574758
574692
574678
574612
574534
574481
574421
574149
574065
573955
573911
573717
573702
573639
573621
573619
573557
573540
573477
573444
573433
573373
573372
573358
573332
573294
573284
573239
573226
573162
573126
573099
572969
572923
572864
572693
572602
572575
572553
572495
572454
572425
572285
572223
572153
572148
571944
571791
571581
571544
571529
571370
571339
571297
571173
570947
570766
570626
570543
570456
570386
570206
570145
569948
569934
569873
569866
569765
569723
569715
569709
569677
569658
569602
569451
569420
569169
568984
568981
568893
568822
568700
568696
568630
568618
568562
568553
568505
568432
568258
568211
568130
568114
568094
568082
568073
568017
568013
567960
567830
567766
567736
567569
567475
567474
567427
567410
567365
567260
567186
567121
567105
567074
567063
566929
566671
566657
566649
566603
566591
566580
566469
566429
566166
566133
566061
566009
565938
565907
565747
565690
565663
565657
565644
565594
565588
565315
565188
565152
564904
564897
564810
564763
564751
564702
564342
564295
564229
564073
563843
563838
563684
563654
563568
563080
563029
562861
562807
562727
562695
562376
562260
562200
562163
562144
562136
562121
562070
561973
561881
561781
561619
561488
561373
561300
561296
561290
561263
561209
561145
561061
561049
560996
560958
560903
560795
560686
560666
560639
560491
560440
560393
560124
560080
559982
559875
559751
559719
559709
559615
559588
559584
559559
559428
559067
558996
558928
558735
558485
558300
558276
558269
558001
557934
557613
557585
557542
557424
557332
557207
557088
556931
556925
556715
556679
556630
556544
556474
556470
556469
556350
556348
556182
556167
555986
555956
555723
555720
555704
555581
555518
555509
555465
555081
555049
554974
554905
554813
554648
554618
554562
554544
554530
554493
554385
554296
554267
554170
554169
553751
553512
553484
553314
553292
553092
552977
552906
552833
552780
552771
552731
552564
552553
552536
552493
552452
552407
552368
552269
552246
552235
552193
552141
551996
551990
551934
551906
551872
551814
551707
551674
551559
551514
551174
551077
551026
550928
550552
550474
550309
550004
549746
549661
549652
549621
549573
549364
549336
549286
549191
549108
549087
548985
548751
548484
548340
548312
548188
548111
548107
548045
548040
547974
547770
547695
547680
547610
547491
547479
547425
547410
547340
547199
547071
546984
546821
546673
546653
546613
546521
546514
546321
546008
545985
545929
545912
545898
545765
545565
545503
545386
545337
545187
544941
544907
544770
544737
544707
544684
544458
544434
544292
544274
544178
544171
544084
544080
544046
544023
543979
543953
543927
543852
543695
543582
543535
543500
543463
543413
543398
543378
543163
543079
542999
542996
542926
542372
542276
542267
542252
542234
542222
541963
541909
541900
541700
541700
541683
541627
541602
541561
541503
541411
541360
541252
540702
540691
540682
540554
540541
540527
540442
540392
540168
540008
539990
539986
539941
539879
539861
539770
539656
539613
539408
539266
539159
539141
539057
538934
538890
538799
538763
538729
538684
538624
538592
538450
538357
538353
538235
538215
538159
537903
537791
537366
537178
537004
536637
536345
536316
536237
536156
536149
535965
535924
535837
535779
535720
535692
535472
535439
535246
535171
535139
535139
535065
534887
534879
534790
534590
534528
534170
534161
534113
534061
534030
533943
533934
533926
533821
533611
533535
533376
533240
533034
533030
533027
532921
532917
532835
532821
532810
532787
532733
532713
532688
532687
532613
532503
532487
532247
532171
532128
532049
531916
531900
531870
531772
531757
531692
531458
531421
531359
531345
531261
531203
531179
531129
531014
530989
530891
530759
530735
530675
530537
530487
530257
530074
529946
529939
529898
529760
529738
529723
529638
529545
529486
529217
529117
529107
528918
528740
528736
528724
528708
528698
528541
528514
528465
528382
528255
528174
528159
527916
527910
527841
527791
527689
527672
527576
527478
527465
527411
527393
527331
527098
527071
527023
526611
526409
526080
526035
525920
525843
525807
525643
525628
525498
525394
525360
525339
525272
525228
525109
525073
524947
524850
524718
524650
524621
524386
524353
524132
524132
524126
524104
524041
523991
523821
523739
523640
523606
523515
523441
523383
523355
523303
523218
523110
523011
522809
522727
522350
522290
522251
522088
521979
521974
521960
521750
521596
521475
521393
521253
521192
521179
521145
521055
521024
521013
521001
520981
520657
520547
520497
520349
520242
520041
520038
519937
519849
519837
519742
519579
519508
519489
519428
519365
519325
519226
519079
519053
518748
518646
518633
518586
518431
518233
518208
518138
518004
517959
517914
517847
517662
517553
517392
517354
517058
517049
517010
516883
516651
516586
516585
516534
516240
516237
516130
516110
516050
515905
515898
515732
515671
515643
515489
515319
515265
515239
515082
514849
514833
514370
514026
514024
514020
513801
513733
513695
513503
513493
513482
513425
513377
513219
512998
512916
512687
512348
512277
512228
512172
511700
511666
511490
511489
511246
510753
510723
510631
510598
510585
510484
510139
510085
510077
509837
509572
509461
509453
509414
509387
509358
509224
509188
508809
508724
508678
508591
508566
508434
508407
508383
508237
508098
508087
508061
508017
508012
507999
507936
507865
507754
507681
507496
507490
507318
507299
507224
507150
507072
506995
506936
506870
506723
506675
506604
506481
506458
506424
506420
506396
506394
506197
506150
506146
506137
506100
506074
505940
505909
505732
505631
505422
505172
505070
504907
504811
504563
504510
504459
504409
504372
504359
504309
504246
504184
504068
504006
504004
503920
503904
503897
503652
503401
503394
503354
503316
503272
503229
503129
503061
502934
502928
502870
502821
502760
502757
502652
502627
502414
502394
502350
502343
501988
501986
501888
501859
501827
501790
501598
501520
501418
501402
501364
501323
501304
501273
501139
501109
501031
500869
500800
500778
500734
500708
500704
500591
500568
500567
500141
500025
499811
499558
499494
499482
499303
499209
499067
498965
498963
498488
498486
498463
498291
498285
498218
498214
498098
497991
497828
497661
497559
497559
497549
497453
497381
497279
497229
497139
497116
497103
497090
496812
496561
496554
496521
496517
496494
496469
496358
496310
496216
496175
496149
496039
495964
495865
495815
495802
495679
495502
495271
495259
495176
495084
495078
494949
494946
494945
494935
494913
494727
494674
494663
494525
494464
494384
494372
494306
494282
494257
494213
494053
493842
493772
493765
493726
493637
493595
493585
493455
493392
493353
493132
493056
492861
492791
492756
492556
492532
492530
492452
492409
492114
491994
491968
491881
491379
491346
491337
491327
491030
491020
490909
490819
490813
490715
490659
490584
490578
490552
490549
490422
490229
490198
489820
489790
489674
489574
489568
489549
489533
489423
489320
489285
489241
488828
488569
488472
488404
488271
488230
488198
488125
488119
488082
487941
487878
487830
487742
487735
487545
487465
487458
487452
487322
487315
487142
487103
487073
487018
486755
486738
486667
486572
486503
486493
486484
486426
486281
486168
486113
485954
485885
485683
485513
485492
485487
485448
485288
485187
485181
485167
485147
485055
485034
484991
484945
484880
484667
484587
484472
484425
484219
484216
484105
484101
484007
483957
483928
483855
483680
483601
483299
483233
483221
483032
482881
482869
482767
482665
482651
482606
482583
482525
482465
482463
481668
481466
481378
481279
480913
480898
480769
480736
480687
480424
480406
480310
480207
480189
480160
479929
479924
479818
479797
479788
479749
479672
479622
479608
479576
479334
479323
479235
479145
479134
479132
479113
479091
479016
478907
478835
478805
478687
478681
478668
478610
478485
478483
478439
478303
478160
477941
477668
477500
477493
477439
477376
477312
476936
476890
476818
476808
476757
476701
476440
476264
476199
476190
476158
476108
475925
475909
475892
475793
475732
475702
475697
475466
475448
475426
475362
475289
475236
475194
475140
475123
475089
474998
474997
474994
474944
474888
474823
474781
474602
474571
474424
474390
474302
474260
474171
474039
474022
473810
473787
473575
473391
473367
473365
473350
473191
473044
473033
473009
472907
472740
472631
472569
472525
472421
472373
472211
472078
472020
471986
471964
471859
471806
471785
471765
471723
471672
471662
471637
471549
471387
471383
471334
471316
471288
471214
471015
471010
470807
470751
470742
470741
470728
470682
470629
470554
470502
470394
470343
470334
470303
470273
470063
469990
469776
469693
469683
469629
469626
469602
469594
469570
469404
469393
469371
469329
469182
469056
468897
468821
468658
468587
468524
468464
468372
468336
468246
468235
468024
467820
467693
467541
467537
467469
467386
467302
467239
467059
467053
466961
466578
466539
466454
466400
466388
466380
466165
466009
465949
465792
465746
465657
465586
465496
465078
465015
464991
464863
464843
464752
464741
464692
464606
464502
464399
464349
464297
464162
463862
463789
463486
463408
463349
463299
463253
463247
463048
462948
462908
462834
462672
462636
462592
462463
462441
462433
462391
462288
462179
462073
462026
461950
461876
461681
461638
461603
461569
461519
461489
461387
461195
461173
461060
460937
460921
460759
460644
460446
460410
460362
460179
460161
460154
460013
459959
459942
459917
459763
459738
459693
459629
459438
459426
459212
459208
459089
459011
459004
458964
458954
458855
458808
458799
458673
458658
458513
458463
458443
458329
458259
458162
458142
458048
457958
457811
457681
457604
457523
457494
457406
457360
457333
457089
457062
457029
456913
456607
456429
456340
456328
456187
456123
456066
456017
455851
455814
455784
455607
455487
455422
455407
455262
455197
455184
455159
455057
454984
454903
454809
454783
454752
454693
454658
454633
454539
454427
454289
454244
454066
453937
453801
453601
453574
453424
453261
453160
453111
453102
453097
452567
452501
452425
452374
452232
452197
452172
451756
451721
451685
451537
451492
451431
451189
451149
451071
451026
450887
450873
450865
450863
450741
450710
450624
450269
450118
450039
450016
449820
449695
449630
449463
449415
449257
449178
449164
449117
448811
448804
448662
448631
448576
448438
448381
448356
448000
447915
447716
447712
447625
447537
447344
447176
447060
446988
446877
446833
446791
446502
446492
446492
446211
446180
446145
445853
445565
445564
445546
445485
445465
445440
445362
445336
445217
445210
444887
444798
444742
444651
444545
444535
444446
444430
444406
444280
444193
444123
444069
443906
443795
443705
443697
443599
443271
443230
443214
443199
443148
443117
443050
442926
442914
442883
442780
442733
442435
442435
442402
442304
442185
442145
442031
441797
441543
441449
441282
441255
440526
440211
440087
440014
439849
439522
439509
439379
439314
439086
439074
439036
438935
438870
438821
438777
438645
438563
438450
438369
438323
437803
437698
437509
437497
437275
437150
437137
437107
436970
436965
436950
436742
436472
436387
436383
436367
436257
436220
436100
436025
435902
435526
435476
435404
435356
435104
434980
434865
434857
434845
434676
434640
434618
434557
434505
434391
434377
434204
434107
434094
434064
433958
433866
433678
433629
433510
432914
432844
432833
432750
432682
432576
432556
432480
432256
432244
432205
432047
431943
431856
431687
431577
431254
431252
431134
431056
431045
431044
430910
430868
430860
430813
430808
430673
430597
430563
430435
430406
430396
430374
430373
430328
430286
430126
429999
429811
429594
429577
429493
429331
429283
429251
429165
429144
429114
428871
428804
428613
428582
428522
428493
428449
428389
428296
428124
428062
427961
427812
427727
427721
427636
427586
427325
427325
427325
427257
427250
427246
427137
427021
426576
426530
426504
426503
426494
426474
426467
426303
426157
426137
426023
425969
425913
425900
425872
425757
425748
425622
425498
425392
425276
425237
425171
425094
424931
424798
424617
424582
424454
424430
424394
424342
424288
424118
423979
423929
423856
423840
423798
423780
423739
423530
423497
423388
423321
423299
423265
423177
423074
423003
422940
422853
422747
422677
422625
422600
422516
422508
422493
422466
422440
422389
422160
422145
421950
421870
421862
421755
421736
421586
421571
421425
421406
421332
421301
421271
421205
421038
421003
420979
420955
420725
420669
420638
420521
420445
420354
420255
420112
420046
420012
419945
419944
419837
419570
419247
419122
418716
418697
418664
418663
418576
418475
418456
418437
418274
418203
418196
418081
418075
418048
418036
417796
417752
417579
417518
417425
417315
417219
417085
417074
416959
416708
416687
416606
416585
416570
416563
416443
416414
416336
416062
415881
415736
415664
415621
415405
415373
415299
415161
415072
414922
414840
414756
414690
414670
414631
414528
414324
414264
414170
414008
413835
413831
413760
413560
413373
413366
413211
413138
413110
413028
412969
412875
412758
412705
412612
412478
412434
412416
412359
412272
412138
412079
411870
411631
411625
411610
411540
411438
411360
411327
411008
411002
410703
410675
410666
410649
410609
410501
410465
409963
409903
409651
409509
409438
409357
409315
409241
409102
408688
408663
408648
408497
408457
408332
407942
407873
407567
407553
407467
407460
407205
407148
407118
407117
407082
406904
406880
406806
406730
406504
406431
406411
406240
406190
406179
405952
405776
405711
405420
405374
405367
405302
405018
404995
404918
404917
404880
404819
404800
404784
404713
404529
404489
404463
404451
404404
404402
404293
404119
404047
403922
403889
403887
403880
403862
403828
403782
403712
403599
403583
403296
403280
403162
403058
402825
402614
402578
402513
402328
402245
402173
402156
402103
402031
402031
402029
402021
401845
401674
401672
401619
401497
401323
401223
401183
401116
401114
400946
400886
400831
400757
400626
400395
400379
400138
399797
399759
399477
399423
399408
399246
399111
399108
399046
399026
399001
398765
398738
398601
398521
398432
398372
398324
398180
398168
398140
398080
398071
398058
398020
397631
397568
397558
397526
397172
396911
396904
396402
396373
396098
395948
395850
395796
395788
395739
395732
395692
395641
395553
395395
395364
395326
395215
395137
395084
395082
394918
394895
394893
394857
394813
394787
394721
394704
394701
394671
394463
394401
394229
394171
394057
394020
393841
393660
393337
393316
393301
393232
393161
393139
393134
393109
393099
392823
392631
392561
392383
392055
392053
392044
391843
391833
391567
391486
391382
391325
391270
391240
391200
391028
390985
390985
390952
390734
390636
390557
390515
390430
390287
390227
390147
390106
390097
390085
390052
389780
389151
389067
389040
388864
388795
388788
388696
388639
388606
388538
388494
388380
388339
388245
388212
388070
388005
387734
387717
387665
387615
387608
387516
387512
387482
387246
387199
387029
386937
386835
386825
386816
386758
386702
386673
386097
385985
385938
385850
385822
385738
385732
385706
385654
385645
385120
385088
385038
384853
384715
384705
384669
384668
384424
384335
384267
384101
383887
383758
383708
383587
383550
382962
382945
382863
382754
382653
382524
382499
382481
382456
382437
382242
382123
381844
381714
381603
381577
381559
381515
381514
381506
381282
381134
381119
381018
380823
380786
380689
380676
380670
380558
380489
380302
380301
380191
380181
380137
380135
380131
380091
380055
380035
379871
379841
379789
379521
379520
379375
379331
379248
379247
379176
379085
379085
379063
378987
378926
378894
378815
378501
378483
378370
378118
377919
377885
377874
377529
377420
377314
377185
377180
377039
377039
376796
376746
376745
376637
376362
376345
376300
376212
376141
375988
375939
375788
375721
375590
375583
375535
375525
375505
375415
375289
375058
375007
374894
374736
374585
374538
374465
374456
374223
374089
373999
373743
373598
373571
373546
373498
373219
373219
373151
372899
372890
372796
372711
372451
372322
372243
372198
372123
372042
371971
371896
371806
371800
371780
371779
371729
371571
371312
371285
371266
371238
371084
370956
370727
370590
370588
370500
370434
370339
370240
370193
370150
370141
370003
369992
369797
369519
369491
369465
369346
369319
368841
368422
368203
368045
368000
367881
367881
367864
367857
367841
367747
367652
367414
367396
367328
367258
367168
366969
366968
366847
366840
366715
366611
366384
366346
366325
366273
366239
366230
366049
365984
365899
365793
365442
365382
365220
365160
365114
365022
364936
364894
364878
364877
364835
364715
364588
364526
364418
364230
364199
364154
364136
364069
363915
363895
363786
363752
363712
363396
363305
363245
363196
363077
363037
363033
363033
362983
362959
362934
362873
362841
362751
362715
362572
362541
362478
362181
361841
361788
361775
361599
361549
361405
361399
361363
361246
361206
361180
361151
361068
360869
360589
360509
360432
360290
360289
360272
360077
360031
360018
359988
359670
359657
359620
359545
359363
359264
359224
359128
359010
358935
358890
358844
358693
358684
358675
358590
358585
358541
358196
358146
357922
357861
357800
357789
357722
357663
357662
357362
357326
357274
357221
357202
357185
357069
356990
356970
356717
356688
356630
356629
356528
356521
356380
356333
356309
356259
356256
356240
356168
356028
356016
355891
355884
355831
355813
355774
355689
355686
355677
355565
355554
355159
355102
355061
354925
354818
354753
354653
354570
354447
354423
354312
354228
354110
354048
354035
354008
353841
353836
353830
353766
353764
353744
353696
353688
353497
353323
353035
353018
352913
352777
352619
352598
352520
352431
352278
352263
352258
352232
352230
352107
352095
351965
351910
351790
351782
351599
351530
351382
351121
351083
351053
351050
350794
350628
350598
350588
350566
350555
350523
350415
350029
349956
349866
349837
349640
349457
349456
349375
349375
349327
349204
349159
349105
349016
348916
348908
348489
348342
348323
348250
348193
348064
347677
347518
347296
347291
347184
347142
347077
346968
346728
346704
346677
346617
346441
346389
346331
346313
346244
346219
346202
345992
345903
345880
345242
345107
344714
344643
344629
344596
344562
344529
344431
344346
344213
344042
343963
343884
343795
343739
343711
343643
343619
343560
343312
343091
343008
342644
342445
342352
342344
342335
342254
342192
342185
342110
342099
341903
341380
341221
341186
341103
340835
340631
340623
340492
340308
340264
340233
340230
340202
340177
340171
340161
340120
339912
339822
339500
339414
339310
338991
338724
338653
338641
338615
338540
338521
338373
338367
338310
338282
338107
338056
338053
338007
337753
337311
337307
337301
337250
337240
337180
337159
337156
337094
336948
336872
336729
336709
336674
336364
336140
336123
336063
335938
335911
335845
335712
335342
335285
335047
335017
334959
334908
334830
334784
334696
334649
334643
334547
334518
334484
334348
334328
334327
334252
334203
334184
334120
334077
334072
334025
333985
333983
333734
333703
333686
333651
333615
333489
333397
333260
333241
333235
333178
333112
333082
332783
332547
332544
332513
332417
332358
332276
332111
332009
331907
331839
331494
331437
331182
331143
331125
331016
330943
330699
330593
330586
330506
330472
330472
330395
330355
330282
330278
330214
329761
329721
329705
329651
329637
329629
329464
329396
329333
329280
329096
328988
328799
328459
328388
328310
328264
328262
328112
327894
327885
327851
327719
327670
327550
327375
327230
327172
326947
326790
326704
326652
326650
326640
326507
325684
325535
325508
325467
325069
325031
324798
324793
324617
324533
324437
324413
324373
324299
323933
323871
323794
323747
323542
323527
323521
323371
323331
323003
322656
322509
322419
322297
322120
322023
321960
321886
321696
321591
321509
321462
321292
321267
321190
321076
321014
320995
320926
320923
320902
320862
320775
320733
320691
320635
320531
320530
320382
320350
320304
320256
320131
320065
319952
319928
319920
319759
319602
319512
319483
319450
319356
319349
319337
319144
319082
318982
318538
318536
318533
318102
318019
317812
317757
317722
317718
317498
317016
316903
316816
316806
316797
316701
316668
316343
316209
315994
315925
315836
315791
315734
315733
315689
315612
315441
315372
315345
315278
315251
315200
315153
315121
315069
315066
314663
314489
314324
314262
314119
314098
314082
314057
314024
313947
313944
313935
313918
313851
313778
313607
313540
313487
313350
313324
313172
313114
313102
313097
313061
312998
312874
312580
312450
312150
312103
312046
312014
311974
311883
311780
311713
311443
311412
311149
311095
311012
310974
310846
310803
310697
310600
310537
310491
310487
310484
310277
310146
310067
310037
310003
309912
309900
309692
309637
309615
309606
309584
309473
309245
309126
309092
309072
308846
308775
308727
308713
308516
308277
308114
308048
308001
307961
307882
307859
307796
307680
307608
307599
307550
307457
307424
307368
307241
307086
306999
306983
306936
306636
306538
306334
306202
306093
305948
305773
305746
305718
305572
305361
305336
305312
305163
304945
304933
304931
304876
304849
304426
304281
304281
304202
304103
303823
303794
303340
303213
303129
303058
302879
302685
302525
302507
302452
302395
302389
302308
302221
302173
302165
302004
301994
301954
301923
301886
301762
301604
301375
301340
301282
301191
301102
301002
300846
300839
300678
300646
300569
300561
300538
300381
300227
300101
300089
300056
300043
299995
299899
299841
299740
299638
299569
299454
299454
299443
299356
299252
299247
299237
299028
298912
298836
298787
298700
298493
298466
298423
298064
298015
297966
297786
297719
297673
297640
297537
297509
297490
297342
297250
297143
297107
297097
296995
296971
296948
296942
296921
296793
296667
296534
296505
296483
296471
296360
296223
296185
296148
296106
295874
295504
295490
295447
295446
295325
295274
295091
294977
294962
294936
294884
294807
294701
294662
294351
294296
294245
294161
294155
293896
293840
293578
293576
293538
293520
293481
293439
293349
293297
293226
293177
293118
293103
293008
292771
292504
292423
292256
292217
292070
292001
291926
291907
291874
291671
291544
291480
291425
291269
291230
291208
291152
290863
290793
290411
290252
290187
290164
290160
290154
289941
289894
289873
289845
289817
289667
289661
289651
289613
289374
289314
289220
289121
288900
288888
288875
288865
288844
288831
288630
288544
288505
288464
288427
288368
288329
288284
288269
288199
287972
287557
287538
287481
287458
287314
287125
287068
286994
286891
286817
286809
286808
286520
286481
286464
286464
286376
286351
286161
286084
285924
285805
285743
285711
285571
285534
285458
285403
285349
285272
285071
284836
284804
284562
284545
284499
284476
284463
284419
284351
284260
284118
284110
284092
284052
284046
283773
283635
283528
283524
283413
283336
283181
283026
282989
282988
282953
282798
282413
282409
282340
282335
282324
282261
282240
282221
282216
282000
281555
281439
281071
281036
280882
280747
280729
280714
280661
280584
280509
280233
280213
280199
280164
280040
279835
279757
279748
279725
279701
279660
279584
279559
279526
279516
279487
279486
279353
279077
278929
278886
278852
278831
278686
278593
278419
278408
278370
278247
278209
278204
278197
277925
277675
277348
277239
277043
277007
276994
276884
276849
276719
276617
276596
276545
276450
276369
276239
276148
276088
276069
276054
275988
275917
275853
275806
275796
275759
275672
275654
275558
275556
275530
275520
275362
275338
275282
275194
275176
275113
275083
274640
274639
274629
274551
274430
274401
274379
274317
274293
274240
274232
274230
274226
274158
274070
273982
273955
273878
273836
273791
273783
273716
273336
273294
273232
273191
273175
273051
273000
272974
272767
272573
272437
272346
272309
272027
271717
271709
271607
271513
271381
271260
271072
271004
270908
270861
270856
270521
270395
270204
270178
270044
269965
269917
269783
269768
269709
269651
269378
269263
269246
269200
269189
269154
269090
269049
268797
268774
268765
268750
268643
268535
268379
268306
268262
268178
268123
267426
267375
267219
267211
267169
267044
267021
266947
266921
266886
266675
266660
266652
266493
266485
266134
265776
265775
265670
265607
265584
265431
265418
265331
265277
264887
264801
264759
264708
264596
264573
264332
264314
264179
264165
264144
264013
263986
263934
263656
263563
263476
263375
263203
262967
262736
262609
262594
262570
262445
262172
262155
261958
261937
261837
261829
261802
261684
261602
261514
261445
261409
261258
261207
261083
260889
260727
260589
260552
260526
260361
260301
260275
260233
260202
260074
259942
259915
259801
259626
259405
259381
259376
259131
258690
258633
258576
258380
258227
258162
258139
257948
257905
257456
257436
257304
257292
257277
257224
257134
257101
257037
256886
256845
256732
256565
256501
256313
256046
255607
255587
255527
255297
255125
255045
255033
255017
255007
254939
254909
254847
254825
254709
254691
254481
254235
254096
254079
253997
253952
253804
253674
253645
253546
253496
253367
253163
252989
252963
252941
252935
252833
252809
252722
252632
252559
252544
252351
252312
252121
251774
251767
251738
251450
251363
251353
251318
251288
251259
251238
251177
250986
250961
250956
250935
250909
250807
250761
250556
250434
250398
250191
250140
250001
249991
249962
249880
249813
249752
249736
249709
249705
249597
249541
249471
249405
249380
249210
249021
248881
248880
248809
248780
248776
248722
248710
248603
248538
248310
248308
248235
248044
248023
247975
247971
247956
247942
247744
247632
247625
247551
247378
247355
247327
247296
247111
247042
246994
246800
246569
246494
246371
246344
246271
246139
246102
245998
245899
245891
245873
245735
245236
245183
245149
245058
244981
244834
244689
244615
244514
244094
243924
243810
243752
243729
243676
243495
243468
243397
243335
243215
243114
242847
242842
242584
242496
242415
242399
242266
242263
242183
242126
242125
241923
241711
241090
241068
240993
240903
240848
240809
240634
240521
240439
240273
240229
239943
239937
239871
239865
239780
239693
239663
239658
239638
239615
239544
239537
239518
239306
239305
239223
239077
238852
238709
238628
238573
238347
238323
238312
238211
238207
238158
238104
238061
237923
237650
237629
237592
237589
237586
237518
237416
237337
237333
237289
237249
237206
237192
237180
237123
237086
236986
236953
236887
236853
236837
236825
236773
236639
236636
236509
236463
236285
236182
236071
235992
235952
235936
235917
235864
235810
235789
235779
235726
235615
235595
235392
235371
235162
235108
235055
234972
234932
234763
234693
234609
234491
234475
234433
234239
234185
233954
233880
233724
233573
233489
233422
233414
233389
233383
233361
233347
233269
233231
233177
233143
233142
233127
233125
232988
232830
232793
232651
232634
232515
232408
232344
231767
231592
231520
231330
231329
231122
231024
231024
231000
230968
230963
230734
230692
230670
230518
230333
230285
230165
229479
229404
229399
229293
229203
229172
229119
229038
229037
228933
228900
228841
228638
228623
228376
228319
228287
228035
228025
227963
227954
227675
227568
227491
227488
227338
227215
226952
226947
226884
226859
226684
226604
226557
226488
226422
226391
226379
226058
225870
225713
225640
225517
225506
225504
225465
225308
225208
225203
225037
224997
224598
224279
224129
224093
224047
223999
223939
223770
223680
223491
223312
223260
223132
223052
223028
222994
222744
222686
222582
222576
222375
222373
222309
222174
222149
222082
221922
221874
221761
221756
221715
221702
221681
221668
221531
221486
221377
221341
221286
221214
221213
221194
221171
221127
221053
220858
220797
220780
220655
220642
220515
220273
220271
220067
220055
220044
219833
219778
219688
219687
219676
219653
219569
219536
219331
219231
219115
219103
218791
218675
218661
218575
218554
218522
218473
218467
218332
218253
218165
218114
217969
217594
217541
217469
217332
217189
217163
217161
217066
216930
216723
216380
216223
216138
216132
216088
216040
216006
215930
215860
215852
215634
215394
215333
215227
215111
215095
214993
214968
214786
214690
214653
214633
214539
214477
214395
214243
214148
214021
213974
213879
213868
213842
213676
213672
213629
213609
213589
213565
213418
213228
213228
213139
213118
213061
213052
212991
212778
212621
212459
212382
212377
212036
211937
211824
211802
211775
211547
211452
211437
211235
211119
211020
210961
210948
210849
210846
210783
210298
210172
210160
209884
209873
209826
209793
209788
209730
209404
209355
209340
209264
209164
209162
209061
208888
208878
208872
208853
208852
208776
208759
208620
208547
208508
208318
208278
208249
208130
208123
208121
207813
207728
207673
207667
207578
207490
207422
207395
207395
207366
207220
207182
207153
206991
206983
206740
206648
206602
206590
206546
206499
206402
206211
206196
206144
206121
206117
206025
205956
205945
205810
205804
205690
205595
205573
205530
205440
205336
205235
205192
205183
205129
205083
205027
204960
204811
204592
204507
204428
204312
204254
204162
204131
204073
203766
203725
203417
203405
203374
203290
203105
202990
202951
202946
202796
202776
202643
202514
202369
202238
202152
202132
202036
201826
201779
201727
201561
201542
201468
201081
201069
200731
200699
200693
200348
200330
200228
200076
200068
200019
200007
199989
199927
199902
199890
199813
199742
199661
199612
199530
199527
199495
199397
199327
199270
199235
199205
199049
199043
199027
198874
198828
198694
198681
198612
198588
198517
198467
198406
198355
198211
198180
198161
198161
198058
198027
198013
197920
197909
197748
197691
197297
196768
196765
196761
196546
196454
196291
195988
195776
195680
195600
195586
195564
195459
195432
195250
195140
195026
194978
194853
194743
194654
194623
194567
194462
194458
194422
194249
194094
193988
193901
193859
193759
193726
193684
193615
193462
193423
193353
193322
193246
193143
193055
193039
192864
192805
192792
192637
192557
192542
192533
192388
192321
192248
192193
191917
191746
191610
191590
191481
191473
191462
191292
191264
191241
191215
191176
191154
190972
190863
190844
190784
190763
190655
190604
190547
190529
190488
190449
190386
190373
190243
190188
190133
190077
190056
189981
189971
189891
189849
189798
189738
189581
189513
189465
189453
189212
189061
189059
189036
189001
188965
188852
188809
188751
188618
188502
188466
188377
188352
188297
188105
188065
188023
187977
187968
187931
187867
187853
187852
187807
187806
187660
187598
187587
187583
187541
187390
187359
187323
187311
187287
187208
187047
187022
187014
186973
186933
186849
186686
186475
186329
186127
185836
185759
185726
185707
185417
185411
185359
185349
185288
185172
185129
185111
185043
185033
185023
184970
184885
184872
184730
184618
184614
184607
184592
184586
184464
184347
184317
184243
183944
183557
183543
183336
183273
183269
183240
183210
183208
183197
183088
183018
182980
182975
182786
182783
182771
182761
182522
182461
182381
182346
182332
182292
182242
182227
182189
182096
181901
181791
181775
181552
181442
181417
181328
181262
181253
181244
181163
181112
181096
180746
180689
180670
180556
180544
180403
180261
180227
180214
180098
180036
179921
179840
179692
179621
179619
179504
179497
179391
179065
178970
178896
178770
178751
178714
178682
178547
178526
178411
178290
178256
178163
177997
177973
177972
177791
177707
177642
177498
177431
177323
177218
177066
177026
176936
176849
176842
176758
176675
176565
176462
176430
176399
176347
176175
176153
176064
175991
175745
174924
174772
174767
174761
174737
174630
174551
174540
174047
173584
173575
173534
173498
173490
173466
173434
173399
173311
173167
173163
173157
172938
172646
172643
172515
172374
172247
171946
171919
171872
171865
171859
171492
171348
171187
171184
171183
171152
171137
171132
171049
171026
170945
170930
170730
170478
170455
170347
170191
170153
170144
170078
170020
169926
169835
169830
169717
169514
169467
169452
169335
169322
169295
169072
169053
169051
169049
169049
169040
168802
168709
168334
168331
168283
168134
167818
167790
167739
167544
167500
167379
167351
167016
166861
166626
166543
166541
166282
166143
166005
165839
165813
165768
165444
165424
165231
164952
164939
164936
164904
164858
164852
164771
164687
164578
164496
164276
164054
163776
163704
163686
163637
163500
163460
163433
163410
163382
163313
163149
163043
162924
162901
162818
162738
162662
162568
162458
162409
162205
162112
162019
162017
161960
161955
161814
161674
161565
161555
161513
161429
161283
161063
160775
160739
160699
160656
160623
160475
160470
160310
160246
160227
160176
160128
159891
159843
159694
159657
159487
159033
158954
158892
158871
158824
158800
158642
158541
158509
158469
158417
158375
158158
158120
158031
157872
157851
157827
157628
157563
157499
157499
157491
157425
157223
157200
157076
157057
156937
156927
156836
156825
156777
156764
156583
156549
156519
156516
156255
156183
156177
156117
156117
155977
155934
155861
155682
155611
155606
155528
155497
155353
155190
154898
154859
154793
154669
154601
154601
154564
154465
154461
154231
154214
154179
154105
153918
153840
153834
153805
153755
153676
153539
153514
153357
153242
152920
152909
152577
152555
152501
152451
152302
152254
152118
151996
151975
151886
151875
151778
151748
151559
151382
151183
151177
150859
150803
150676
150624
150538
150244
150099
150020
150019
149882
149872
149807
149570
149500
149279
149251
149083
149069
149005
148949
148917
148895
148850
148576
148562
148498
148398
148317
148285
148278
148094
148076
148076
148066
147995
147885
147822
147679
147677
147548
147543
147530
147180
147063
146908
146785
146760
146752
146640
146489
146467
146462
146412
146384
146294
146277
146173
145994
145792
145792
145762
145755
145489
145479
145361
145355
145254
145233
145118
145101
145080
145066
144874
144842
144535
144371
144321
144297
144212
144112
143685
143492
143485
143483
143453
143072
143011
142977
142948
142427
142399
142305
142224
142031
141875
141727
141696
141633
141521
141507
141482
141383
141382
141259
141189
141143
141003
140981
140870
140783
140754
140631
140445
140430
139964
139882
139829
139719
139589
139539
139364
139314
139205
138997
138984
138981
138938
138828
138600
138593
138368
138312
138258
138231
138187
138151
138078
138077
138008
137944
137797
137645
137537
137533
137485
137447
137183
137174
137137
137114
136994
136975
136845
136753
136533
136235
136054
136012
135829
135622
135475
135430
135323
135208
135134
135127
135093
135066
134950
134812
134731
134662
134652
134618
134521
134509
134330
134305
134115
134066
134056
133980
133850
133825
133739
133644
133601
133572
133501
133442
133360
133320
133290
133254
133236
132915
132872
132613
132525
132494
132449
132359
132221
132201
131910
131790
131684
131503
131364
131218
131149
131043
130959
130953
130825
130813
130806
130686
130650
130630
130571
130548
130459
130449
130442
130433
130218
130070
130000
129996
129949
129941
129894
129766
129692
129234
129182
129128
129028
128960
128808
128763
128554
128411
128316
128249
128054
127873
127538
127443
127292
127062
127030
127023
126797
126769
126524
126308
126236
126210
125870
125849
125689
125620
125598
125430
125386
125287
125280
125161
125134
124937
124857
124753
124638
124629
124611
124404
124298
124291
124284
124174
124125
123771
123499
123456
123401
123306
123267
123241
123178
122924
122907
122453
122302
122229
122210
122190
122110
122018
121585
121505
121473
121453
121345
121299
121215
121191
121126
121105
121092
120985
120967
120895
120874
120786
120739
120665
120474
120365
120309
120304
120243
119975
119905
119697
119634
119614
119593
119588
119580
119525
119511
119484
119376
119354
119259
119171
119133
119077
118945
118908
118744
118716
118686
118560
118465
118449
118287
118203
118057
118053
118009
117881
117843
117759
117706
117636
117618
117408
117188
117076
116979
116953
116914
116890
116717
116666
116627
116621
116385
116237
116046
116026
115993
115880
115871
115871
115846
115745
115654
115486
115391
115293
115086
114835
114399
114216
114113
114099
114090
114025
113674
113643
113579
113516
113033
113024
112900
112895
112802
112733
112639
112593
112350
112333
112130
112055
111737
111687
111253
111219
111110
111093
111044
110992
110916
110885
110811
110655
110598
110555
110475
110391
110357
110286
110211
110138
110096
110029
109820
109663
109612
109545
109334
109329
109093
109092
109079
109047
109014
108881
108846
108443
108419
108364
108209
108202
108022
107717
107358
107238
107040
106901
106858
106814
106787
106716
106272
106091
106076
106045
105944
105944
105921
105890
105815
105762
105741
105718
105464
105420
105409
105406
105312
105302
105272
105230
105169
105087
105085
105044
104866
104603
104525
104342
104330
104293
104279
104174
103894
103735
103503
103500
103496
103480
103479
103390
103227
103213
103108
103035
102838
102824
102708
102423
102378
102227
102118
102064
101982
101789
101774
101700
101583
101507
101449
101444
101312
101310
101274
101260
101169
101048
100900
100845
100693
100677
100335
100267
100196
100079
100076
