100033
100275
100287
100370
100509
100511
100640
100643
100646
100689
100704
100708
100742
100766
100803
100837
101041
101083
101109
101210
101461
101986
102440
102494
102635
102932
102935
103032
103062
103105
103107
103140
103260
103298
103413
103461
103623
103787
103792
103997
104076
104150
104229
104279
104319
104374
104388
104565
104599
104619
104752
104787
104931
104995
105000
105008
105075
105156
105199
105208
105283
105469
105478
105704
105710
105808
105826
106029
106091
106315
106356
106367
106418
106456
106532
106592
106693
106808
106812
106845
107104
107192
107256
107347
107361
107364
107380
107458
107470
107600
107647
107648
107649
107664
107688
107762
107875
107912
107924
107977
108051
108067
108256
108272
108521
108593
108599
108605
108661
108682
108814
108842
108973
109003
109103
109148
109219
109393
109423
109464
109695
109751
109901
109919
109990
110129
110299
110340
110414
110613
110944
110995
111010
111028
111114
111121
111124
111359
111543
111561
111572
111631
111654
111797
111853
111986
112012
112026
112193
112230
112316
112353
112438
112494
112559
112584
112632
112801
112988
113066
113076
113133
113196
113214
113547
113634
113720
113869
114253
114393
114442
114458
114672
114771
114937
114964
115114
115218
115244
115269
115371
115564
115599
115756
115785
115908
115981
116005
116061
116153
116447
116483
116559
116611
116686
116775
117015
117028
117099
117153
117180
117547
117635
117731
117769
117770
117812
117815
117849
117852
117860
117866
118098
118145
118172
118200
118308
118333
118607
118720
118724
118725
118807
118954
119005
119114
119207
119217
119237
119377
119583
119638
119786
119830
119851
119930
119964
120073
120077
120206
120220
120249
120432
120666
120696
120707
120728
120829
120840
120951
121064
121113
121290
121434
121453
121604
122014
122017
122026
122119
122286
122386
122537
122553
122637
122638
122756
122813
123091
123216
123270
123392
123683
123803
123890
123990
124002
124027
124044
124202
124203
124302
124403
124407
124472
124699
124781
124828
124843
124862
125058
125125
125131
125204
125209
125382
125575
125608
125858
126004
126006
126055
126205
126300
126323
126429
126549
126771
127043
127123
127275
127415
127419
127787
127853
127936
128300
128377
128407
128434
128568
128588
128594
128806
128883
128984
129125
129156
129231
129253
129483
129579
129630
129691
129738
129782
129859
129918
130005
130168
130353
130362
130631
130675
130812
130953
131066
131168
131235
131248
131275
131283
131343
131416
131616
131663
131672
131698
131797
131798
131828
131842
131849
131857
131860
131928
131939
131984
132080
132108
132123
132134
132290
132410
132645
132770
132804
132903
132956
133006
133410
133449
133524
133525
133570
133590
133609
133661
133687
133734
133859
133875
133966
133969
134049
134134
134150
134320
134386
134400
134407
134410
134433
134613
134724
134761
135100
135140
135164
135394
135680
135680
135775
135791
136009
136099
136129
136418
136606
136761
136766
136776
136776
136855
136930
136961
137050
137074
137111
137189
137215
137281
137521
137522
137645
137962
138187
138491
138906
138929
138984
139044
139075
139281
139290
139315
139330
139786
139786
139821
139841
139870
139888
139943
139977
140077
140111
140168
140200
140242
140336
140415
140446
140451
140453
140556
141154
141168
141170
141228
141585
141688
141701
141745
141755
141804
142028
142065
142087
142199
142247
142337
142348
142353
142449
142542
142574
142637
142668
142796
142800
142882
142948
143044
143144
143184
143334
143421
143465
143516
143535
143614
143724
143778
143877
143969
144018
144063
144133
144230
144382
144613
144689
144758
144860
144864
144909
144924
144933
145169
145176
145222
145366
145391
145444
145472
145612
145623
145762
145771
145792
145850
145874
145920
145931
145944
145978
146098
146418
146530
146534
146537
146639
146794
146826
146833
147273
147274
147281
147355
147547
147668
147720
147722
147744
147816
147828
147887
147956
148125
148267
148313
148433
148472
148648
148735
148751
148850
148887
149101
149120
149169
149257
149336
149407
149410
149647
149669
149677
149875
149995
150039
150039
150058
150194
150204
150411
150683
150779
150799
150827
150867
150939
150981
151327
151332
151669
151837
151902
151939
151971
152078
152141
152173
152399
152466
152507
152601
152740
152767
152777
152824
152955
152966
153077
153078
153190
153210
153240
153266
153284
153321
153399
153433
153560
153582
153606
153654
153658
153668
153687
153835
153909
153909
154230
154232
154239
154329
154464
154720
154976
155004
155017
155231
155346
155521
155532
155538
155579
155656
155727
155904
155911
155953
156053
156200
156201
156395
156411
156451
156455
156635
156691
156749
156930
157065
157121
157300
157559
157567
157585
157637
157820
157909
158042
158146
158167
158176
158276
158385
158488
158652
158723
158834
159018
159036
159052
159052
159200
159212
159354
159590
159702
159816
159874
160059
160086
160182
160186
160204
160275
160283
160376
160376
160422
160429
160450
160569
160700
160753
160776
160974
160994
161117
161341
161418
161482
161649
161710
161901
162055
162062
162064
162331
162525
162725
162854
162954
163038
163068
163152
163224
163323
163361
163513
163560
163831
163945
163953
163975
164046
164228
164272
164364
164429
164444
164471
164642
164672
164680
164727
164777
164790
164925
164965
165036
165392
165430
165497
165505
165506
165960
165986
166030
166033
166057
166135
166212
166272
166447
166639
166797
166805
166828
166860
166863
166870
166904
166918
167112
167661
168080
168353
168385
168780
168919
169065
169288
169383
169554
169648
169681
169700
169896
170053
170057
170099
170199
170209
170225
170258
170289
170378
170395
170517
170610
170863
170938
170994
171011
171130
171297
171381
171453
171651
171652
171668
171966
171971
172097
172161
172224
172409
172435
172498
172523
172614
172688
172879
173047
173071
173121
173131
173213
173337
173352
173403
173520
173641
173690
173697
173728
173729
173879
173932
173965
174077
174171
174195
174361
174420
174865
175166
175331
175343
175415
175530
175541
175607
175646
175704
175746
175785
175931
176041
176045
176061
176250
176315
176344
176555
176777
176848
176890
177113
177273
177276
177295
177348
177498
177775
177776
177790
177801
177871
177940
177976
178008
178011
178069
178089
178129
178172
178369
178441
178613
178639
178695
178887
178927
178997
179025
179128
179130
179146
179194
179236
179447
179721
179903
180012
180031
180052
180077
180085
180092
180109
180128
180148
180228
180350
180750
181081
181083
181191
181198
181461
181548
181563
181574
181647
181723
181776
181783
181996
182043
182170
182186
182434
182531
182559
182692
182773
182831
182843
182859
182863
183325
183406
183599
183626
183772
183861
183897
184037
184127
184134
184361
184411
184687
184710
184784
185077
185121
185145
185225
185236
185239
185245
185335
185491
185505
185602
185685
185726
185791
185820
185981
186050
186076
186167
186301
186341
186394
186679
186817
186970
187126
187138
187157
187185
187262
187322
187375
187488
187615
187630
187635
188054
188289
188307
188319
188366
188425
188531
188547
188648
188861
189031
189089
189194
189220
189228
189309
189354
189558
189615
189627
189662
189732
189762
189797
189798
189892
189905
189958
189997
189997
190101
190101
190262
190321
190421
190782
190958
191038
191039
191152
191381
191579
191582
191661
191756
191961
192030
192049
192299
192303
192426
192712
192742
192886
192947
193069
193265
193375
193427
193643
193921
194176
194205
194339
194369
194430
194634
194683
194694
194781
194796
194798
195202
195249
195290
195303
195425
195507
195545
195614
195627
195733
195803
195809
195817
196112
196131
196236
196290
196414
196474
196580
196591
196668
196718
196881
196983
197084
197119
197181
197309
197492
197514
197560
197660
197684
197836
197919
197979
198018
198033
198044
198126
198128
198174
198215
198243
198262
198276
198331
198411
198535
198729
198775
199113
199480
199511
199639
199793
199886
199960
200042
200067
200379
200465
200543
200583
200585
200661
200811
200825
200829
200847
200999
201033
201036
201301
201371
201413
201436
201445
201452
201655
201714
201826
201871
201942
202000
202012
202110
202397
202402
202454
202904
202924
202961
203069
203107
203152
203359
203419
203440
203470
203537
203613
203626
203878
204191
204234
204261
204266
204279
204369
204370
204387
204388
204424
204477
204590
204593
204716
204764
204864
205068
205169
205532
205670
205741
205744
205759
205761
205777
205849
206024
206028
206055
206076
206102
206199
206223
206440
206445
206469
206514
206771
206802
206804
206824
207214
207488
207495
207557
207817
207824
208003
208102
208161
208188
208223
208266
208341
208358
208363
208444
208682
208728
208770
208904
208945
208997
209048
209070
209123
209381
209382
209447
209516
209540
209732
209835
209859
209890
210013
210069
210264
210295
210325
210352
210360
210555
210614
210657
210746
211057
211118
211132
211285
211415
211661
211797
211799
211805
211819
211866
212128
212345
212374
212394
212406
212412
212428
212440
212575
212581
212592
212611
212645
212676
212735
212818
212858
212863
212890
213125
213149
213483
213688
213910
213988
214026
214033
214148
214194
214313
214399
214455
214492
214498
214502
214645
214746
214821
214872
214939
215162
215228
215320
215357
215407
215463
215490
215525
215566
215674
215733
215737
215835
215871
216051
216053
216090
216143
216177
216265
216317
216465
216692
216739
217024
217064
217085
217128
217135
217232
217387
217393
217529
217613
217647
217754
217816
217853
218213
218350
218352
218389
218453
218478
218507
218518
218533
218606
218661
218792
218796
218850
218910
218911
218924
218943
218977
219221
219351
219544
219633
219750
219903
220035
220200
220246
220250
220415
220512
220551
220975
220988
220993
221045
221092
221140
221145
221355
221369
221538
221551
221576
221596
221630
221653
221972
221993
222019
222099
222393
222404
222501
222621
222727
223159
223341
223446
223454
223466
223506
223556
223717
223907
223932
224005
224092
224133
224292
224354
224369
224397
224423
224474
224515
224621
224767
224833
224914
225070
225122
225351
225408
225428
225640
225667
225692
225908
225955
226059
226074
226299
226335
226352
226409
226468
226542
226940
227195
227319
227418
227544
227634
227731
227833
228172
228203
228237
228311
228317
228538
228631
228771
228879
229028
229071
229093
229255
229270
229474
229539
229658
229952
229954
229977
229983
230099
230409
230556
230818
230969
231075
231105
231481
231521
231526
231606
231702
231725
231748
231995
232018
232018
232044
232189
232261
232278
232321
232353
232461
233049
233067
233094
233187
233283
233299
233310
233496
233645
233655
233659
233705
233943
234012
234019
234069
234222
234320
234777
234797
234843
234866
234950
235017
235278
235333
235355
235390
235450
235569
235609
235673
235699
235796
235855
235921
235953
235977
236060
236217
236340
236358
236418
236482
236530
236580
237163
237200
237234
237257
237298
237332
237487
237520
237547
237613
237624
237711
237727
237981
238043
238208
238214
238269
238302
238494
238510
238584
238702
238752
238808
238835
238848
238957
239030
239146
239162
239213
239410
239413
239435
239440
239498
239565
239688
239925
239981
240051
240079
240144
240205
240267
240271
240296
240331
240336
240433
240502
240567
240606
240747
240851
240878
240981
241008
241047
241062
241327
241729
241853
241929
242004
242013
242066
242177
242344
242372
242526
242581
242818
242869
242950
242957
243264
243314
243322
243527
243559
243571
243648
243662
243766
243769
244006
244035
244065
244070
244079
244085
244151
244245
244293
244305
244394
244418
244613
244899
244937
244978
245015
245016
245082
245225
245338
245407
245455
245533
245582
245678
245910
245976
246034
246154
246235
246275
246301
246353
246408
246533
246552
246613
246765
246794
246897
247012
247060
247176
247227
247279
247424
247426
247584
247636
247765
248006
248141
248170
248171
248176
248233
248305
248326
248336
248384
248470
248542
248656
248666
248828
248917
248934
248968
249179
249325
249508
249511
249774
249835
249881
250132
250199
250318
250507
250581
250695
250748
250768
251212
251216
251279
251706
251749
251873
252040
252059
252163
252203
252608
252635
252928
252986
253128
253144
253145
253414
253499
253536
253566
253668
253870
254018
254025
254055
254144
254173
254186
254195
254233
254545
254569
254797
254835
254878
254992
255159
255168
255241
255258
255259
255340
255514
255635
255653
255654
255654
255668
255922
256132
256259
256381
256501
256770
256843
256960
257000
257027
257110
257305
257339
257341
257417
257508
257608
257904
257916
257928
257936
257981
258052
258190
258442
258504
258619
258809
258840
258896
258956
259046
259160
259308
259447
259598
259705
260062
260194
260362
260364
260385
260526
260542
260560
260585
260586
260614
260728
261035
261238
261425
261545
261614
261638
261642
261758
261801
261899
261992
262029
262047
262105
262157
262380
262455
262475
262520
262584
262613
262632
262659
262812
262935
262952
263023
263108
263118
263243
263268
263421
263707
263866
263942
263971
263985
264006
264061
264129
264145
264308
264335
264366
264409
264463
264553
264664
265239
265247
265291
265320
265391
265493
265719
265757
265759
265805
266000
266072
266135
266137
266277
266277
266396
266424
266598
267020
267231
267370
267521
267585
267867
267992
268034
268091
268136
268144
268314
268534
268570
268692
268707
268742
268891
268903
268970
269197
269332
269357
269463
269517
269762
269766
269800
269801
270074
270162
270302
270338
270359
270412
270445
270723
271054
271123
271219
271244
271252
271252
271373
271410
271453
271455
271502
271569
271574
271606
271653
271828
272074
272088
272164
272168
272227
272296
272340
272468
272534
272625
272858
272931
272970
272980
273020
273025
273124
273181
273207
273324
273387
273402
273432
273665
273960
274239
274248
274253
274383
274483
274711
274847
274867
274915
275000
275124
275467
275602
275663
275671
275684
275740
275876
275880
275928
276183
276218
276310
276321
276358
276387
276437
276587
276712
276850
276934
276956
276966
277213
277565
277572
277618
277674
277879
277923
277952
278057
278060
278194
278210
278314
278421
278451
278454
278471
278477
278991
279092
279227
279246
279260
279469
279652
279701
279895
280089
280311
280379
280440
280678
280800
281040
281062
281119
281168
281169
281246
281538
281609
281727
282177
282204
282206
282209
282464
282477
282693
282773
282825
282938
283022
283359
283360
283415
283543
283578
283667
283727
283767
283779
283970
284245
284263
284402
284416
284624
284631
284668
284869
284969
284974
284975
284985
285013
285082
285090
285144
285185
285195
285327
285460
285577
285684
285693
285732
285798
285929
285965
286019
286164
286179
286216
286327
286365
286423
286459
286485
286589
286622
286735
286761
286787
286978
286982
287183
287238
287276
287401
287417
287658
287769
287791
287791
287826
287842
287983
288104
288167
288195
288215
288273
288277
288282
288311
288331
288446
288478
288532
288558
288693
288792
288877
288896
289204
289227
289294
289433
289496
289513
289524
289541
289767
289795
289938
290071
290081
290148
290183
290188
290246
290268
290413
290507
290519
290692
290767
291098
291234
291290
291363
291436
291458
291497
291687
291691
291761
291888
292087
292095
292155
292207
292248
292426
292428
292568
292621
292662
292663
292670
292677
292689
292787
292811
292822
292879
292903
292941
293411
293495
293523
293590
293697
293732
294021
294204
294266
294415
294437
294460
294495
294659
294742
294761
294773
294864
295052
295288
295378
295400
295401
295453
295569
295570
295700
295866
295941
296037
296166
296338
296353
296395
296406
296418
296518
296620
296621
296677
296679
296897
296931
297159
297194
297220
297405
297726
297856
297899
298335
298350
298361
298406
298498
298548
298576
298589
298606
298671
298735
298899
298981
298993
299116
299191
299277
299290
299571
299728
299829
299895
300301
300513
300514
300602
300832
300860
300870
301052
301053
301270
301360
301473
301507
301523
301616
301905
302109
302120
302479
302488
302509
302586
302587
302610
302625
302645
302647
302696
302853
302947
303068
303114
303135
303154
303159
303259
303344
303662
303693
303718
303794
303798
303804
303806
303964
304116
304322
304410
304480
304523
304551
304820
304836
305008
305009
305030
305092
305146
305198
305322
305453
305495
305620
305713
305782
305927
306022
306072
306094
306127
306134
306222
306251
306343
306551
306649
306661
306714
306735
306750
306767
306965
307002
307015
307025
307032
307184
307336
307428
307474
307522
307591
307621
307792
308048
308080
308147
308451
308698
308724
308749
308765
308783
308852
308879
308978
309193
309436
309447
309477
309521
309598
309744
309806
309948
310077
310133
310259
310355
310487
310552
310677
310678
310747
310939
310960
311074
311107
311266
311305
311310
311393
311448
311466
311510
311560
311568
311646
311853
311855
312014
312034
312035
312122
312185
312225
312685
312903
312974
312994
313004
313048
313236
313367
313428
313463
313477
313502
313558
313586
313593
313634
313669
313701
313710
313726
313817
313835
313846
313854
313995
314043
314097
314563
314674
314719
315093
315258
315302
315355
315714
315780
315863
315915
315960
316009
316016
316021
316217
316256
316278
316316
316395
316428
316525
316628
316661
316771
316866
316893
316902
316953
316982
317126
317154
317157
317334
317472
317505
317507
317522
317544
317819
317820
317844
317918
317946
317968
318237
318615
318648
318649
318675
318682
318770
318856
319071
319155
319329
319353
319449
319553
319634
319645
319778
319821
319910
320215
320280
320284
320390
320393
320516
320593
320963
321055
321134
321147
321178
321299
321380
321858
321879
321933
322075
322124
322376
322412
322456
322628
322739
322766
322775
322864
322938
322974
322978
323142
323169
323228
323250
323433
323579
323751
323899
323912
323951
323970
324102
324140
324256
324264
324278
324321
324428
324570
324736
324781
324832
324923
324928
325036
325039
325048
325243
325281
325293
325790
325791
325938
325944
325944
326077
326119
326167
326177
326211
326281
326338
326397
326447
326481
326562
326575
326659
326805
326835
326929
326951
326957
327002
327005
327024
327055
327125
327152
327482
327560
328008
328008
328037
328308
328501
328529
328579
328932
328968
329010
329094
329165
329176
329295
329329
329479
329511
329655
329775
329969
330031
330246
330395
330567
330649
330702
330905
330962
331134
331162
331338
331342
331711
331824
331840
331909
331931
332104
332107
332207
332255
332298
332476
332482
332513
332605
332731
332760
332802
332819
332849
332991
333004
333069
333077
333103
333104
333237
333461
333567
333658
333762
333820
333886
334039
334048
334094
334232
334402
334725
334749
334752
334756
334775
334785
334794
335009
335115
335129
335133
335467
335486
335640
335713
335717
336146
336278
336297
336309
336450
337140
337151
337283
337294
337310
337957
337964
338274
338380
338439
338624
338640
338830
339027
339063
339278
339436
339521
339522
339662
339691
339749
339817
340004
340039
340043
340260
340614
340704
340791
341080
341195
341215
341243
341423
341454
341494
341501
341516
341584
341710
341788
341789
342137
342181
342205
342216
342382
342422
342526
342563
342727
342849
342901
343057
343117
343128
343252
343310
343364
343422
343458
343590
343596
343621
343842
343871
343998
344104
344257
344293
344467
344488
344608
344627
344787
344907
345098
345173
345217
345320
345412
345432
345441
345590
345682
345920
346009
346081
346081
346157
346311
346532
346593
346611
346676
346774
346794
346795
346809
346815
346857
346905
346909
347010
347079
347084
347163
347175
347412
347689
347863
347910
348317
348439
348561
348595
348706
348715
348736
348882
348883
348897
349098
349296
349398
349406
349425
349435
349495
349529
349551
349841
349861
349977
350012
350074
350127
350134
350205
350475
350524
350540
350582
350651
350658
350837
350862
350873
350879
350894
351072
351190
351432
351505
351527
351535
351659
351891
352076
352179
352316
352438
352646
352807
352981
352988
353055
353128
353167
353190
353311
353377
353426
353458
353717
353740
353883
353995
354128
354225
354270
354345
354426
354542
354736
354833
354873
355232
355361
355411
355538
355555
355675
355675
355900
355902
355981
356094
356121
356203
356204
356213
356283
356436
356439
356478
356478
356530
356635
356731
356756
356871
357049
357106
357237
357402
357516
357539
357716
357789
357835
357931
358037
358121
358163
358227
358269
358346
358453
358587
358697
358723
358743
359026
359044
359339
359357
359357
359713
360103
360173
360217
360236
360732
361059
361166
361215
361230
361291
361325
361346
361399
361484
361508
361581
361759
361794
361824
361871
362131
362361
362475
362520
362666
362717
362806
362852
362862
362867
363031
363055
363082
363417
363454
363517
363549
363584
363620
363670
363697
363777
363894
364095
364115
364151
364217
364377
364393
364418
364924
364941
365243
365531
365536
365623
365648
365985
366573
366689
366702
366714
366896
367151
367161
367169
367319
367384
367428
367485
367621
367940
367996
368021
368145
368471
368521
368522
368544
368574
368591
368680
368696
368751
368808
368849
368890
369110
369233
369356
369430
369528
369552
369567
369906
370018
370025
370035
370068
370090
370128
370181
370332
370390
370476
370489
370583
370703
370749
370891
370962
371066
371090
371154
371250
371277
371355
371409
371431
371598
371676
371790
371817
371880
371970
372400
372416
372481
372495
372624
372688
372877
372907
372911
372955
373054
373081
373106
373135
373199
373214
373403
373580
373587
373597
373610
373952
374014
374077
374119
374485
374497
374620
374665
374820
374829
374846
375015
375106
375190
375331
375351
375399
375447
375461
375474
375494
375538
375641
375811
375943
375989
376072
376075
376083
376231
376306
376336
376364
376368
376661
376717
376745
376860
376970
377091
377250
377272
377331
377337
377355
377373
377658
377670
377739
377883
377987
378025
378039
378047
378151
378179
378248
378640
378651
378724
378735
378774
378804
378941
379255
379401
379429
379434
379552
379639
379755
379783
380055
380130
380304
380310
380347
380478
380508
380539
380887
380937
380977
381007
381022
381041
381084
381294
381302
381478
381482
381631
381748
381783
381813
381841
381947
381962
382010
382030
382109
382201
382267
382366
382385
382428
382496
382637
382719
382762
382765
382932
382967
383262
383341
383408
383465
383562
383594
383604
383663
383684
383720
383731
383829
383869
384004
384013
384425
384472
384595
384636
384722
384963
384988
384996
385010
385041
385153
385377
385379
385422
385428
385455
385465
385530
385555
385590
385652
385748
385767
385800
385897
385924
385933
386119
386196
386323
386339
386351
386354
386399
386438
386477
386619
386768
386818
386929
387089
387177
387244
387331
387405
387579
387582
387624
387816
387845
388102
388121
388148
388359
388440
388503
388770
388783
388880
388962
389105
389164
389215
389340
389400
389735
389830
389872
389894
390127
390297
390348
390349
390469
390555
390601
390605
390619
390632
390748
390771
390865
390982
391124
391435
391475
391735
391812
391817
391862
392098
392211
392360
392471
392489
392492
392628
392752
393216
393313
393335
393337
393564
393646
393656
393724
393759
393891
394001
394009
394099
394111
394142
394231
394314
394423
394439
394487
394587
394606
394734
394934
394937
395029
395063
395137
395164
395264
395282
395375
395575
395595
395655
395664
395703
395781
395893
395909
395937
395956
396076
396107
396255
396301
396545
396615
396637
396742
396826
396880
396889
396929
397128
397215
397279
397292
397371
397469
397531
397534
397577
397737
397753
397787
397830
398050
398066
398093
398229
398245
398424
398702
398806
398827
398970
399118
399364
399414
399488
399994
400155
400372
400409
400419
400433
400500
400524
400620
400681
400757
400884
400898
401098
401138
401283
401490
401494
401974
402199
402245
402261
402304
402306
402330
402494
402598
402713
402772
402795
402825
402876
402944
403554
403658
403683
403815
403835
404182
404235
404237
404282
404303
404330
404430
404435
404484
404503
404597
404608
404685
404893
404931
404955
405079
405171
405173
405204
405232
405294
405315
405441
405534
405730
405829
405913
405965
405965
406052
406094
406346
406494
406583
406702
406716
406738
406788
406837
406839
406994
407100
407141
407200
407274
407283
407326
407379
407467
407501
407653
407712
407715
407834
407941
408094
408106
408211
408511
408675
408706
408764
408830
408844
408868
408869
409008
409022
409082
409089
409209
409265
409282
409631
409671
409688
409780
409836
409980
410137
410153
410187
410199
410227
410237
410318
410378
410434
410502
410726
410932
411017
411157
411238
411275
411371
411385
411664
411761
411766
411769
411772
411820
411820
411841
411846
411908
411979
412084
412089
412125
412242
412431
412698
412722
412756
413176
413274
413338
413481
413703
413719
413832
413909
414046
414214
414229
414244
414280
414478
414481
414620
414644
414655
414686
414864
414880
414942
415013
415356
415437
415508
415530
415706
415735
415780
415816
415938
415958
415977
416172
416242
416251
416267
416359
416500
416579
416604
416645
416790
416847
417078
417275
417283
417604
417732
417733
417978
417986
417988
417989
418072
418584
418598
418681
418702
418891
418980
419290
419315
419346
419522
419547
419593
419780
419914
419969
420065
420098
420492
420750
420782
420784
421115
421133
421263
421311
421373
421469
421719
421833
421904
422110
422463
422519
422636
422765
422972
423078
423095
423162
423291
423374
423449
423494
423605
423643
423785
423973
424117
424131
424283
424389
424564
424632
424712
424731
424805
424860
424950
425049
425140
425158
425358
425591
426008
426065
426071
426073
426074
426228
426283
426439
426462
426594
426639
426851
426888
427060
427242
427314
427435
427524
427624
427688
428003
428077
428095
428097
428163
428203
428358
428450
428513
428564
428602
428630
428715
428717
428759
428772
428817
428859
428932
428937
429075
429172
429215
429299
429343
429427
429620
429629
429644
429764
429786
429812
429984
430127
430136
430236
430251
430554
430578
430594
430648
430649
431062
431077
431153
431162
431363
431700
431797
431851
432012
432049
432078
432262
432277
432396
432412
432427
432496
432538
432636
433035
433065
433136
433212
433276
433328
433610
433753
433782
433833
433950
434008
434051
434107
434382
434436
434483
434726
434906
435079
435164
435175
435191
435536
435631
435697
435723
435778
436036
436156
436175
436263
436349
436407
436527
436530
436578
436662
436663
436860
436969
436995
437069
437170
437193
437202
437205
437368
437404
437411
437522
437532
437561
437644
437784
437791
437817
438153
438218
438307
438314
438640
438641
438740
438757
438791
438914
438943
438976
438984
439030
439152
439210
439231
439355
439434
439446
439461
439533
439573
439627
439851
439854
440086
440130
440303
440335
440351
440437
440444
440572
440644
440710
440855
440971
440995
441002
441068
441181
441388
441389
441441
441480
441504
441697
441850
441914
441932
441958
441970
442405
442411
442436
442508
442670
442698
442765
442809
442866
442983
443067
443144
443207
443338
443392
443499
443514
443533
443647
443867
443922
444037
444137
444338
444421
444523
444524
444595
444605
444660
444758
444783
444897
444916
445069
445145
445640
445798
445840
445871
446194
446356
446408
446555
446652
446747
446770
446926
446947
446958
446982
447142
447270
447276
447402
447584
447599
447637
447660
447672
447691
447709
447778
447893
447977
448196
448360
448445
448445
448709
448721
449077
449164
449165
449254
449256
449362
449453
449464
449488
449585
449734
449967
450007
450089
450135
450220
450276
450333
450354
450430
450446
450503
450598
450685
450721
450844
450918
451018
451124
451189
451467
451553
451641
451912
452094
452165
452287
452426
452462
452553
452576
452579
452607
452698
452764
452795
452999
453050
453200
453392
453395
453439
453587
453626
453646
453667
453723
453851
453957
453984
454105
454284
454314
454335
454384
454506
454603
454653
454885
454914
455055
455104
455115
455247
455262
455520
455527
455580
455708
455820
455883
455999
456105
456130
456229
456241
456351
456354
456374
456493
456501
456649
456680
456729
456731
456791
456811
456882
456907
456913
456961
457035
457099
457154
457243
457391
457447
457528
457548
457590
457627
457707
457749
457857
457890
457896
458034
458170
458248
458257
458301
458326
458404
458406
458626
458635
458737
458825
458855
459161
459176
459220
459295
459726
459843
459906
459979
460018
460039
460204
460230
460284
460732
460828
460880
460970
460970
461002
461179
461273
461339
461408
461445
461577
461668
461791
461863
462012
462127
462138
462195
462401
462514
462576
462707
462917
463004
463188
463212
463221
463431
463436
463543
464006
464055
464089
464234
464294
464513
464581
464681
464711
464725
464823
465124
465194
465231
465263
465268
465312
465319
465332
465554
465790
465871
465965
466073
466607
466796
466805
466864
466865
467126
467136
467146
467222
467299
467745
467835
467989
468039
468105
468118
468321
468545
468638
468766
469008
469079
469325
469411
469416
469436
469497
469578
469649
469805
469869
470121
470287
470469
470609
470613
470618
470664
470675
470757
470943
470993
471016
471544
471612
471618
471643
471724
471744
471791
471895
471965
471992
472045
472122
472184
472272
472373
472625
472701
472751
472801
472954
473107
473283
473302
473325
473348
473573
473729
473758
473838
473850
473926
473937
473988
474125
474205
474499
474504
474507
474630
474689
474722
474802
475008
475071
475149
475203
475285
475406
475426
475443
475472
475492
475530
475659
475672
475713
475801
475834
475924
476098
476140
476201
476379
476563
476582
476596
476743
476746
476783
476795
476895
477129
477129
477143
477150
477198
477219
477271
477326
477345
477448
477620
477701
477729
477756
477826
477930
477955
478203
478211
478396
478875
478886
478985
478992
479037
479088
479101
479134
479288
479312
479407
479411
479571
479691
479745
479846
479974
479987
480021
480285
480358
480447
480510
480531
480716
480899
480968
481113
481139
481172
481196
481283
481352
481360
481441
481480
481489
481509
481607
481663
481805
481849
481962
481992
482043
482068
482144
482247
482253
482304
482421
482454
482458
482592
482602
482607
482836
482927
482947
483080
483110
483456
483505
483512
483608
483651
483679
483819
483842
483859
483907
483916
484075
484198
484202
484216
484233
484272
484345
484487
484632
484704
484851
484965
485306
485427
485722
485738
485770
485772
485776
485799
485966
485999
486245
486365
486756
486768
486780
487080
487163
487205
487555
488050
488328
488357
488453
488615
488767
488794
488831
489113
489120
489150
489199
489222
489288
489294
489359
489396
489469
489595
489680
489802
490048
490077
490100
490130
490248
490343
490400
490434
490442
490498
490501
490519
490528
490605
490745
490767
490808
490859
490880
491152
491229
491353
491415
491517
491576
491591
491741
491810
491810
491815
491888
492021
492068
492172
492387
492578
492714
492789
492869
492936
493060
493066
493076
493101
493104
493119
493141
493241
493274
493290
493365
493457
493808
493885
493923
493998
494058
494085
494107
494391
494546
494629
494788
494936
495059
495090
495228
495238
495458
495477
495878
495910
495917
496016
496061
496152
496258
496316
496596
496677
496724
496728
496816
496873
496929
496933
496956
496964
497204
497212
497328
497359
497530
497592
497733
497929
497941
498071
498085
498190
498285
498311
498386
498404
498679
498876
499174
499208
499286
499326
499465
499482
499537
499637
499745
499823
500075
500080
500097
500098
500216
500230
500300
500352
500394
500607
500634
500685
500708
500848
501092
501099
501199
501287
501314
501366
501368
501505
501564
501955
502381
502504
502532
502588
502655
502797
502981
503016
503047
503080
503197
503203
503317
503340
503469
503504
503713
503726
503791
503950
504071
504076
504344
504528
504535
504643
504660
504683
504718
504842
504936
505085
505118
505281
505290
505540
505784
505900
505951
506120
506148
506372
506461
506513
506517
506821
506922
507097
507234
507265
507294
507495
507606
507660
507719
507786
508004
508080
508103
508348
508383
508537
508560
508690
508711
509009
509119
509186
509229
509232
509337
509416
509463
509580
509787
509919
509946
510153
510399
510447
510473
510510
510554
510629
510635
510855
510933
511319
511363
511442
511473
511628
511728
511923
511958
512266
512368
512462
512543
512558
512564
512583
512585
512597
512682
512719
512933
513087
513104
513106
513329
513349
513555
513591
513691
513817
514009
514138
514145
514230
514268
514301
514399
514568
514573
514590
514600
514642
514686
514755
514936
514952
515307
515400
515530
515650
515721
515763
515870
515882
515941
515992
516084
516135
516282
516285
516390
516392
516442
516448
516599
516639
516801
516841
516906
517093
517197
517211
517290
517329
517389
517429
517483
517656
517700
517727
518085
518131
518346
518452
518460
518760
518854
518915
518947
518956
519015
519080
519114
519210
519248
519352
519397
519428
519470
519582
519587
519787
519831
519849
519852
519860
520075
520105
520171
520252
520306
520413
520719
520737
520886
520975
521158
521200
521261
521319
521331
521402
521624
521653
521731
522067
522102
522105
522279
522470
522482
522607
522624
522746
522923
522987
523005
523060
523116
523306
523342
523427
523476
523500
523543
523568
523698
524203
524219
524265
524283
524329
524353
524475
524476
524639
524795
524895
524903
525279
525584
525618
525863
525950
525971
525993
526043
526238
526262
526322
526523
526823
527040
527057
527247
527306
527341
527647
527985
528066
528215
528315
528339
528339
528344
528346
528370
528575
528728
528731
528876
528911
528959
529041
529098
529423
529539
529543
529798
529909
530312
530467
530582
530629
530639
530766
530868
531023
531107
531170
531188
531229
531235
531306
531448
531466
531533
531621
531734
531792
531816
532025
532132
532134
532292
532414
532463
532513
532537
532577
532931
532990
533046
533153
533154
533343
533417
533456
533707
533987
534034
534141
534349
534431
534444
534585
534713
534940
535284
535363
535412
535412
535501
535588
535644
535654
535697
535697
535749
535775
535854
535938
535995
536275
536387
536577
536673
536681
536876
537088
537107
537214
537252
537325
537344
537362
537469
537543
537646
537885
537985
538107
538184
538215
538236
538357
538384
538385
538387
538543
538773
538796
538838
538927
538942
539153
539160
539244
539437
539526
539565
539816
539860
540099
540143
540203
540205
540308
540387
540458
540576
540632
540729
540754
540920
540948
541012
541039
541114
541120
541213
541247
541284
541308
541345
541411
541539
541565
541573
541651
541862
541864
541944
541945
542011
542079
542083
542156
542180
542212
542302
542401
542451
542549
542578
542606
542698
542720
542739
542853
542960
543005
543089
543138
543216
543270
543510
543527
543581
543753
543781
543824
543921
544008
544009
544029
544040
544248
544299
544391
544574
544611
544673
544685
544737
544794
545036
545050
545183
545222
545306
545359
545415
545503
545747
545925
546023
546067
546312
546336
546376
546452
546454
546540
546586
546600
546754
546807
546885
546990
547057
547201
547214
547226
547467
547483
547549
547602
547663
547732
547856
548035
548376
548480
548506
548607
548722
548768
548905
548929
549361
549361
549371
549459
549544
549607
549717
549817
549909
549981
550040
550160
550188
550227
550340
550460
550485
550535
550579
550616
550877
550928
551042
551052
551076
551227
551289
551349
551363
551444
551467
551711
551712
551788
551844
551862
551986
552052
552102
552184
552191
552270
552313
552499
552565
552615
552850
552865
552915
553111
553204
553206
553412
553526
553702
553790
553890
554007
554044
554135
554431
554456
554556
554591
554740
554780
554884
554899
554914
555156
555214
555217
555245
555421
555482
555507
555509
555580
555645
555661
555693
555772
555816
556017
556071
556093
556098
556128
556165
556241
556247
556271
556275
556353
556363
556607
556727
556795
556835
556948
557011
557116
557284
557376
557378
557539
557619
557655
557705
557948
557969
558262
558300
558342
558414
558437
558673
558698
558704
558913
558938
558957
558958
559028
559254
559267
559298
559356
559406
559414
559545
559546
559610
559671
559777
559794
559804
560348
560426
560494
560633
560724
560743
560805
560814
560897
561061
561167
561274
561466
561480
561542
561627
561632
561748
561898
561946
561971
562168
562202
562263
562301
562312
562407
562454
562460
562479
562556
562561
562689
562712
562858
563139
563198
563229
563314
563434
563439
563446
563517
563539
563675
563699
563745
563771
563798
563912
563996
564141
564260
564337
564419
564551
564601
564771
565005
565047
565196
565215
565220
565304
565335
565381
565447
565696
565813
565844
565844
565964
565964
566001
566021
566124
566258
566264
566376
566399
566427
566433
566522
566870
566897
566956
566964
567000
567047
567100
567154
567178
567186
567226
567232
567274
567305
567308
567414
567477
567502
567569
567714
567789
568044
568116
568346
568469
568538
568650
568671
568730
568734
568851
568871
568885
568961
569014
569043
569140
569233
569281
569503
569630
569645
569705
569724
569729
569883
569951
570022
570073
570169
570208
570384
570463
570468
570535
570545
570625
570722
570752
570799
570851
570895
570919
571041
571052
571105
571105
571163
571181
571206
571226
571230
571235
571489
571494
571617
571651
571828
571953
572040
572078
572212
572251
572444
572490
572561
572619
572629
572738
573039
573066
573082
573099
573297
573302
573497
573520
573535
573567
573590
573605
573637
573682
573717
573845
574052
574284
574433
574462
574655
574669
574841
574920
575085
575139
575238
575408
575426
575429
575543
575553
575719
575784
575824
575918
575982
576119
576311
576337
576347
576359
576587
576616
576704
576794
576835
576842
577059
577252
577415
577693
577850
577918
578178
578333
578338
578460
578527
578539
578577
578601
578658
578844
579022
579216
579249
579367
579498
579623
579650
579672
579858
579937
579951
580017
580039
580067
580097
580150
580169
580199
580200
580769
580775
580803
580845
580956
581016
581025
581031
581061
581094
581095
581452
581467
581531
581614
581760
581883
581981
581986
582033
582091
582159
582282
582294
582323
582403
582471
582672
583019
583080
583123
583320
583325
583363
583391
583639
583789
584070
584235
584253
584481
584642
584734
584873
584894
584929
585128
585163
585366
585382
585403
585575
585670
585676
585766
585770
586009
586061
586342
586361
586383
586419
586427
586447
586474
586558
586789
586797
586857
586940
586953
586975
587029
587347
587348
587521
587702
587780
587863
587928
588086
588131
588141
588216
588286
588407
588511
588522
588572
588583
588624
588727
588810
588818
588821
588872
588949
589082
589097
589211
589283
589334
589336
589577
589655
589736
589742
590134
590135
590208
590462
590565
590699
590763
590765
590817
590893
590938
590983
590984
591052
591151
591299
591486
591578
591752
591928
591975
592202
592316
592338
592467
592606
592643
592657
592921
593065
593147
593148
593260
593303
593384
593389
593400
593550
593561
593582
593670
593704
593846
594065
594117
594162
594246
594327
594345
594416
594460
594467
594570
594964
595011
595028
595087
595103
595195
595272
595278
595380
595504
595799
595902
595992
596245
596250
596273
596443
596618
596680
596747
596839
596875
596910
597031
597063
597089
597198
597297
597320
597372
597455
597550
597589
597762
597775
597818
597944
597982
597988
598007
598054
598254
598265
598385
598463
598546
598806
598937
598961
599052
599154
599263
599310
599373
599383
599402
599466
599899
599916
599970
599981
600046
600102
600182
600210
600301
600555
600624
600625
600813
600860
600870
601039
601050
601083
601207
601319
601384
601468
601493
601557
601723
601863
602035
602142
602301
602470
602525
602531
602703
602743
602873
603019
603022
603089
603120
603130
603184
603304
603346
603365
603680
603687
603723
603727
603751
603751
603786
603902
603944
604025
604122
604252
604267
604351
604373
604419
604439
604548
604674
604703
604722
604734
604820
604877
604929
604957
605006
605175
605212
605219
605224
605395
605505
605505
605589
605655
605690
605769
605855
606114
606125
606157
606360
606482
606720
606727
606795
606812
606869
607019
607099
607129
607325
607447
607469
607520
607541
607559
607649
607721
607836
607896
607919
608187
608369
608431
608564
608661
608696
608786
608798
608833
608951
608963
609015
609052
609124
609153
609252
609268
609362
609378
609387
609432
609459
609500
609669
609716
609760
610058
610062
610154
610318
610520
610641
610648
610859
610887
610974
610999
611013
611088
611181
611293
611399
611535
611556
611611
611621
611706
611742
611875
611876
611909
612067
612274
612514
612540
612690
612725
612795
612854
613008
613335
613345
613367
613432
613593
613604
613726
613808
613854
613893
614268
614405
614527
614545
614866
614914
614941
615043
615057
615380
615654
615669
615818
615915
616030
616074
616255
616405
616406
616493
616555
616571
616575
616632
616874
616920
617002
617417
617655
617708
617726
617743
617748
617751
617876
617880
618147
618313
618333
618385
618463
618588
618757
618958
618975
619102
619131
619215
619325
619326
619462
619493
619532
619602
619753
619754
619997
620066
620104
620123
620227
620262
620301
620310
620429
620552
620627
620767
620800
620859
620869
621239
621409
621542
621610
621658
621675
621717
621803
621814
621829
621869
621917
621934
621935
622175
622220
622223
622262
622585
622764
622810
622896
622971
622981
623082
623091
623169
623379
623610
623658
623675
623724
623810
623833
623869
623873
623980
623984
624045
624073
624109
624374
624402
624482
624495
624528
624681
624837
624876
625159
625163
625302
625362
625406
625435
625571
625585
625617
625622
625863
625875
626066
626074
626121
626124
626261
626434
626542
626647
626659
626913
627109
627118
627154
627204
627352
627481
627599
627661
627711
627768
627808
627910
627968
628084
628219
628307
628375
628502
628532
628638
628646
628773
628955
629127
629262
629336
629425
629455
629513
629634
629722
629816
629948
629985
630018
630042
630128
630240
630394
630460
630559
630637
630738
630865
630902
630936
631497
631535
631570
631648
631717
631722
631973
631989
631999
632100
632111
632253
632277
632381
632598
632823
632882
633424
633463
633469
633589
633808
634274
634354
634360
634541
634651
634689
634698
634857
634990
635027
635041
635105
635446
635577
635671
635672
635710
635769
635819
635905
636018
636117
636183
636205
636254
636293
636324
636427
636566
636756
636870
636871
636889
636916
636923
636931
637008
637010
637197
637341
637581
637603
637797
637861
637888
638109
638126
638198
638276
638306
638379
638465
638503
638534
638640
638643
639058
639150
639256
639411
639490
639526
639664
639791
639802
639957
640052
640126
640385
640398
640504
640605
640703
640737
640775
640817
640843
640899
640966
641062
641090
641105
641182
641297
641393
641455
641517
641541
641711
641813
641839
641924
641940
642113
642121
642342
642367
642406
642407
642412
642573
642577
642630
642690
642936
643084
643109
643111
643160
643201
643352
643441
643560
643561
643758
643843
643850
643963
644006
644038
644046
644209
644264
644273
644281
644506
644547
644558
644594
644850
644916
644976
645045
645078
645084
645209
645274
645434
645516
645802
645806
645828
645881
645955
645955
646027
646051
646613
646694
646703
646711
646827
646966
647011
647048
647065
647168
647208
647271
647323
647469
647666
647788
647794
647913
647961
647963
648283
648334
648373
648574
648601
648606
648638
648661
648728
648859
648904
649322
649469
649585
649617
649642
649645
649702
649752
649896
649983
650151
650205
650298
650377
650416
650452
650646
650650
650713
650819
651044
651079
651351
651450
651462
651547
651689
651725
651755
651782
651874
651911
651927
652355
652489
652728
652746
652953
652965
653109
653235
653384
653483
653544
653938
654125
654203
654253
654262
654337
654387
654689
654697
654764
654833
654964
655073
655111
655120
655195
655288
655446
655455
655574
655705
655812
655853
655869
655889
655948
656093
656111
656150
656153
656228
656311
656312
656333
656389
656639
656723
656810
656990
657094
657396
657519
657534
657749
657775
657803
657853
657982
658012
658082
658181
658269
658349
658372
658544
658566
658677
658744
658788
658900
658936
659008
659012
659129
659137
659227
659316
659410
659504
659520
659631
659698
659811
659835
659887
659908
659960
659986
659993
660030
660119
660153
660273
660295
660314
660337
660654
660796
660874
660929
661096
661105
661232
661276
661285
661318
661338
661374
661449
661488
661514
661626
661637
661720
661904
661924
662169
662221
662366
662420
662500
662510
662582
662616
662636
662729
662842
662876
663169
663267
663292
663313
663461
663479
663498
663662
663721
663743
663774
663829
664046
664092
664151
664224
664257
664326
664502
664523
664637
664671
664758
664768
664905
664949
664980
665149
665249
665325
665343
665355
665583
665892
665929
665982
666219
666295
666384
666547
666548
666570
666734
666777
666815
666954
667064
667094
667098
667123
667343
667347
667705
667845
667909
668175
668281
668530
668731
668819
669158
669401
669436
669488
669513
669570
669583
669621
669880
670015
670079
670137
670273
670629
670735
670894
670966
671190
671264
671317
671430
671483
671733
672055
672296
672428
672429
672447
672618
672657
672671
672715
672777
672817
672861
672974
672975
673006
673315
673337
673397
673519
673766
673843
673908
673948
673968
674015
674052
674317
674342
674362
674735
674746
674880
674909
674942
674992
675030
675038
675044
675230
675288
675501
675565
675995
676070
676133
676233
676239
676254
676392
676407
676570
676578
676703
676750
676918
677023
677513
677630
677693
677802
677932
678087
678432
678445
678544
678555
678646
678731
678783
678807
678808
678844
678995
679050
679148
679241
679276
679293
679332
679332
679389
679499
679570
679667
679738
679898
679999
680157
680222
680229
680319
680344
680552
680642
680642
680724
680729
680834
680955
680961
681059
681117
681119
681343
681344
681374
681424
681485
681869
681879
681904
681952
682095
682246
682276
682349
682402
682502
682617
682742
682843
682893
682988
683035
683093
683279
683296
683478
683719
683878
683898
683943
683957
683987
684053
684146
684173
684212
684316
684385
684561
684580
684583
684632
684648
684745
684815
684919
684998
685119
685151
685182
685329
685436
685487
685642
686050
686118
686245
686336
686363
686413
686494
686518
686532
686604
686721
686870
686934
687035
687093
687193
687389
687526
687540
687554
687686
687738
687771
687775
688082
688171
688283
688335
688393
688410
688828
688861
688973
688998
689006
689033
689126
689133
689314
689516
689698
689909
689940
689969
690255
690571
690706
690772
690787
691001
691036
691044
691327
691373
691483
691695
691744
691828
691951
691960
692094
692167
692185
692318
692328
692459
692506
692532
692667
692707
692763
692959
693067
693074
693137
693433
693561
693952
694064
694096
694138
694369
694514
694666
694709
694754
694774
694882
694928
694974
695027
695201
695296
695753
695767
695768
695843
695884
695932
695940
696149
696184
696255
696405
696624
696669
696693
696717
696909
697035
697135
697236
697244
697283
697414
697589
697613
697672
697765
697878
697897
697974
698106
698184
698357
698378
698521
698842
698916
698970
699041
699248
699258
699419
699445
699448
699540
699634
699733
699897
700473
700521
700530
700536
700628
700779
701063
701135
701173
701222
701248
701413
701465
701637
701694
701789
702250
702313
702364
702405
702469
702564
702657
702881
703037
703141
703157
703250
703258
703422
703526
703706
703739
703904
703984
704305
704459
704467
704528
704642
704692
704716
704807
704845
704878
704910
705042
705092
705280
705424
705511
705694
705696
705729
705811
705986
705995
706124
706161
706336
706555
706595
706605
706669
706774
706853
706870
706897
706898
706934
707116
707537
707863
707918
707979
708222
708509
708803
708892
708924
709064
709074
709105
709274
709367
709444
709510
709594
709635
709657
709704
709858
709895
710008
710119
710123
710136
710251
710558
710959
711074
711075
711122
711142
711223
711250
711289
711300
711376
711389
711485
711511
711684
711814
711839
711890
711899
712141
712155
712166
712212
712252
712494
712497
712723
712749
712783
712869
712945
713002
713260
713304
713314
713732
713935
713935
714213
714265
714273
714367
714471
714530
714575
714657
714766
714766
714827
714946
714969
715026
715137
715236
715286
715319
715323
715436
715600
715678
715785
715794
715798
715943
716000
716120
716242
716339
716346
716446
716651
716694
716751
716934
716950
717070
717157
717195
717203
717218
717292
717388
717519
717624
717715
717737
717994
718163
718307
718385
718421
718562
718570
718687
718837
719147
719250
719525
719555
719595
719624
719881
719999
720165
720209
720364
720408
720466
720494
720578
720622
720662
720682
720694
720703
720919
721179
721286
721351
721521
721529
721539
721656
721909
721928
722152
722166
722521
722562
722856
722927
722950
723179
723187
723253
723349
723388
723460
723461
723466
723509
723579
723698
723778
723867
724004
724127
724297
724324
724395
724577
724710
724724
724902
724937
724962
725008
725140
725230
725255
725269
725273
725325
725331
725384
725899
725908
725950
725971
726076
726230
726344
726389
726447
726576
726907
727027
727107
727121
727384
727390
727466
727488
727563
727623
727757
727792
727936
728016
728079
728122
728146
728377
728380
728422
728424
728469
728634
728747
728749
728929
729264
729424
729470
729569
729579
729790
729810
729997
730014
730073
730208
730221
730349
730454
730612
730628
730664
730671
730738
730832
730846
730846
730868
730902
730977
730986
731087
731129
731297
731350
731427
731446
731547
731571
731642
731658
731802
731831
731843
731859
731874
732121
732162
732226
732282
732405
732472
732524
732709
732717
732724
732740
732833
732905
732922
733106
733336
733372
733375
733401
733472
733473
733500
733831
734052
734060
734088
734204
734379
734523
734636
734677
734725
734750
734894
735093
735137
735382
735402
735470
735471
735587
735621
735747
735823
735930
735993
736164
736265
736313
736318
736330
736671
736894
737220
737240
737248
737252
737297
737366
737408
737420
737576
737588
737871
737892
738016
738249
738263
738341
738367
738600
738627
738834
738846
739094
739121
739185
739299
739372
739752
739761
740028
740148
740212
740260
740466
740536
740654
740714
740902
740941
740942
741091
741175
741284
741301
741826
741850
741996
742000
742006
742053
742102
742154
742356
742496
742516
742615
742670
742780
742968
743020
743149
743387
743397
743399
743401
743513
743573
743664
743724
743984
744014
744024
744271
744427
744430
744618
744927
744968
744998
745114
745227
745445
745549
745687
745989
746009
746141
746149
746193
746237
746321
746370
746406
746499
746642
746726
746939
747015
747099
747271
747349
747351
747358
747480
747491
747507
747648
747742
747844
747853
747853
747879
747998
748256
748504
748631
748668
748673
748677
748683
748860
748874
748948
748990
749103
749105
749151
749182
749471
749508
749585
749647
749653
749699
749708
749710
749839
749845
749878
749964
749988
750046
750094
750185
750396
750485
750627
750700
750707
750756
750781
750937
750943
751347
751598
751752
751759
751815
751990
752022
752032
752059
752074
752254
752264
752287
752318
752332
752349
752387
752442
752492
752695
753015
753044
753048
753149
753153
753206
753285
753404
753486
753524
753526
753528
753773
753899
753973
754099
754251
754270
754315
754337
754617
754728
754935
755083
755255
755475
755483
755501
755654
755761
755876
756193
756300
756445
756479
756617
756619
756638
756668
756933
756952
756953
757494
757581
757600
757778
757802
758010
758070
758079
758100
758171
758184
758582
758644
758713
758806
758824
758837
758908
759214
759230
759458
759610
759687
759709
759945
760043
760103
760110
760116
760118
760167
760209
760338
760440
760512
760589
760934
760999
761005
761037
761055
761285
761349
761376
761523
761545
761589
761596
761633
761703
761726
761851
761899
762078
762494
762499
762550
762612
762730
762774
762818
763129
763269
763310
763449
763539
763549
763560
763565
763618
763634
763662
763688
763799
763800
763874
763916
763988
764376
764387
764421
764585
764692
764720
764730
764752
764802
764836
765060
765128
765265
765272
765325
765330
765337
765527
765761
765935
766011
766229
766525
766571
766573
766826
767209
767348
767450
767611
767649
767657
767690
767734
767795
768059
768089
768144
768161
768464
768476
768604
768684
768707
768827
768989
769006
769076
769091
769207
769241
769252
769253
769514
769620
769706
769721
769766
769815
770091
770222
770247
770328
770337
770376
770431
770534
770798
770814
771083
771097
771103
771137
771270
771396
771658
771761
771951
772050
772214
772285
772291
772328
772412
772447
772449
772618
772658
772681
772701
772836
772909
772927
772983
773336
773394
773411
773533
773818
773881
773943
773951
774022
774045
774061
774095
774137
774364
774374
774523
774569
774588
774689
774823
775133
775186
775243
775268
775292
775558
775838
775880
776005
776039
776117
776146
776212
776221
776285
776298
776314
776383
776608
776858
776888
776967
776982
777028
777040
777145
777211
777235
777546
777551
777607
777681
777907
777932
777949
778035
778044
778104
778280
778339
778344
778359
778462
778648
778855
779043
779285
779436
779456
779493
779643
779687
779688
779696
779757
779946
779959
780357
780593
780850
780855
780869
780889
781067
781315
781365
781553
781648
781949
782049
782203
782278
782412
782553
782753
782775
782859
783048
783217
783234
783489
783577
783713
783756
783768
783829
783885
783977
784026
784619
784624
784727
784808
784893
784973
785039
785428
785612
785769
785778
785799
785799
785819
786101
786266
786295
786333
786336
786375
786399
786418
786476
786494
786870
787081
787093
787254
787289
787447
787464
787492
787548
787604
787617
787656
787714
787727
787762
787902
787905
787975
788059
788080
788282
788300
788313
788352
788386
788459
788813
788849
788915
788935
789155
789365
789527
789567
789584
789741
789782
789829
790072
790419
790430
790455
790504
790615
790636
790670
790743
790782
790787
790886
791129
791228
791276
791454
791520
791708
791817
791843
791917
792026
792068
792078
792172
792208
792324
792347
792364
792428
792563
792574
792814
792903
792918
792967
793175
793266
793357
793549
793562
793571
793587
793652
793828
793986
794015
794021
794077
794110
794149
794212
794226
794271
794304
794331
794451
794582
794702
794776
795017
795036
795183
795227
795304
795363
795536
795646
795719
795729
795896
795971
795979
796075
796094
796192
796203
796207
796487
796542
796888
797031
797073
797392
797549
797628
797652
797695
797730
797920
797987
798256
798277
798299
798339
798432
798607
798632
798654
798848
798943
799078
799131
799139
799186
799230
799261
799447
799544
799779
799818
799831
799832
800036
800179
800217
800263
800277
800444
800606
800667
800776
800813
800846
800847
800962
800969
800992
801004
801093
801173
801182
801302
801560
801687
801714
801720
801739
801747
801783
801870
802009
802077
802087
802398
802463
802538
802553
802683
802716
802879
802942
803009
803038
803047
803054
803118
803264
803272
803437
803506
803528
803575
803674
803984
804004
804020
804023
804114
804225
804491
804637
804797
804863
805268
805282
805319
805417
805462
805529
805547
805875
805945
805949
805955
805959
806115
806145
806180
806360
806445
806464
806850
806889
807055
807064
807230
807308
807369
807648
807837
807875
807891
808173
808181
808211
808454
808627
808786
808834
808840
808999
809397
809705
809731
810144
810232
810394
810540
810745
810979
811226
811716
811910
812006
812046
812101
812454
812505
812537
812548
812567
812580
812688
812747
812814
812818
812836
813101
813160
813222
813324
813387
813528
813549
813666
813697
813749
813778
813889
813954
813988
814066
814264
814328
814345
814456
814461
814611
814670
814677
814977
815041
815073
815242
815315
815316
815490
815676
815688
815767
815868
815877
815893
815914
816042
816141
816177
816186
816227
816391
816489
816520
816529
816596
816606
816690
816704
817008
817058
817118
817293
817385
817403
817441
817530
817562
817836
817859
817947
818132
818190
818320
818348
818538
818605
818614
818660
818706
818865
818887
818908
818922
818984
818999
819130
819141
819342
819398
819657
819894
819935
820006
820040
820060
820151
820349
820375
820494
820543
820580
820657
820715
820737
820975
821081
821112
821172
821215
821220
821317
821445
821533
821564
821605
821909
822009
822187
822212
822265
822355
822466
822506
822523
822568
822625
822633
822763
822770
822777
822807
823030
823060
823109
823126
823419
823435
823478
823517
824064
824131
824179
824275
824535
824648
824935
824991
825151
825225
825597
825600
825605
825616
825820
826014
826028
826045
826601
826822
826847
826916
827248
827398
827585
827606
827660
827689
827824
827945
828135
828201
828226
828304
828386
828440
828460
828529
828529
828542
828743
828764
828782
828936
828986
828997
829064
829075
829080
829376
829662
829670
829737
829798
829817
829903
830180
830370
830398
830441
830582
830609
830628
830652
830800
830833
830885
830947
830959
830965
831010
831021
831056
831089
831100
831304
831331
831368
831578
831856
831985
832108
832207
832266
832329
832414
832491
832667
832672
832968
832988
833051
833287
833420
833464
833465
833490
833693
833719
833761
833915
833920
834080
834374
834435
834504
834516
834540
834572
834647
834849
834989
835306
835338
835379
835429
835584
835587
835826
835928
835950
835976
836091
836281
836297
836412
836518
836540
836609
836700
836720
836749
836855
836981
837045
837101
837164
837169
837210
837214
837327
837335
837387
837421
837445
837474
837632
837632
837727
837816
837841
837857
837880
837909
837944
838078
838103
838136
838146
838264
838313
838319
838338
838484
838577
838702
839095
839154
839226
839245
839254
839418
839799
840021
840254
840350
840363
840399
840429
840467
840509
840629
840730
840880
840906
840951
841108
841187
841266
841373
841421
841512
841527
841546
841791
841803
841916
842298
842528
842606
842623
842758
842923
842936
842977
843039
843059
843332
843540
843594
843602
843752
843784
843924
843939
844168
844475
844485
844708
844720
844799
844806
844814
844929
845046
845091
845126
845316
845436
845488
845528
845671
845718
845734
845866
845943
846284
846324
846469
846479
846541
846548
846583
846799
846847
846929
846994
847052
847076
847177
847184
847367
847501
847548
847573
847601
847717
847722
847760
847804
847875
847875
847981
848001
848023
848026
848110
848345
848398
848504
848519
848539
848616
848704
848758
848812
848977
849055
849118
849185
849231
849485
849644
849650
849706
849747
849801
849802
849822
849822
849874
849980
850088
850172
850188
850317
850355
850504
850586
850854
850990
851136
851254
851294
851323
851551
851558
851841
852112
852200
852347
852463
852611
852636
852658
852667
852672
852772
852775
852899
852967
852991
853054
853088
853108
853216
853322
853440
853466
853492
853601
853663
853667
853803
853890
853898
853911
854141
854211
854246
854462
854512
854769
854815
854915
855013
855090
855130
855250
855278
855332
855368
855378
855388
855735
855857
855962
856065
856352
856405
856436
856720
856755
856773
856828
857100
857322
857648
857743
857771
857795
858097
858275
858448
858458
858473
858576
858660
858674
858690
858719
858760
858895
858924
859104
859227
859431
859655
859900
859976
860072
860166
860254
860497
860516
860557
860673
860738
860809
860906
860925
860952
861071
861270
861365
861470
861624
861637
861733
861795
861815
861916
861949
861983
862215
862303
862340
862430
862549
862562
862691
862755
862783
862833
862980
862991
863009
863111
863146
863168
863208
863210
863281
863317
863413
863553
863554
863691
863722
863752
863799
863968
863973
863998
864260
864268
864388
864482
864656
864852
864979
865017
865142
865175
865204
865240
865374
865600
865745
865765
865855
865863
865874
865969
865998
866018
866028
866518
866689
866840
866981
867024
867490
867504
867514
867807
868390
868391
868421
868500
868553
868646
868718
868759
868997
869033
869086
869115
869144
869177
869316
869378
869392
869475
869478
869573
869622
869657
869867
869980
870011
870030
870052
870152
870159
870236
870450
870518
870535
870544
870585
870617
870648
870825
870842
870989
870992
871037
871064
871145
871216
871316
871678
871723
871768
871806
871976
872081
872116
872262
872424
872590
872630
872795
872800
872851
872985
872988
873024
873137
873398
873507
873575
873586
873607
873624
873646
873653
873751
874070
874115
874128
874276
874411
874582
874651
874664
874986
875008
875040
875156
875162
875255
875334
875521
875672
875718
875754
875805
875814
875838
875855
875906
875925
875961
876036
876099
876136
876234
876254
876254
876330
876399
876540
876549
876573
876601
876617
876719
876891
877002
877049
877088
877108
877167
877319
877347
877428
877474
877680
877702
877798
877857
877888
877993
878004
878034
878061
878096
878159
878529
878600
878634
878741
878820
878832
878871
879069
879150
879167
879173
879242
879316
879412
879425
879466
879566
879593
879607
879637
879679
879799
879819
879872
879950
880015
880027
880166
880180
880451
880491
880836
880921
880969
880975
881083
881138
881242
881524
881577
881601
881659
881723
881748
881776
881996
882136
882240
882295
882344
882401
882487
882519
882577
882701
882746
882833
882921
882958
882968
883007
883138
883139
883241
883294
883327
883376
883427
883435
883684
883805
883936
884052
884075
884119
884232
884285
884352
884388
884488
884507
884955
885081
885168
885176
885240
885400
885410
885513
885661
885722
885754
885971
886099
886122
886169
886172
886265
886283
886290
886291
886363
886393
886413
886432
886541
886586
886609
886614
886660
886896
886904
886929
887027
887076
887122
887454
887531
887534
887613
887635
887638
887666
887687
887772
887785
887900
888049
888093
888256
888341
888363
888437
888593
888631
888697
888872
888889
888898
888902
889089
889137
889223
889239
889635
889730
889913
889944
890008
890012
890119
890161
890298
890471
890559
890810
890863
891083
891099
891138
891251
891425
891505
891699
891728
892002
892159
892378
892466
892478
892624
892782
893103
893260
893320
893596
893623
893852
893918
894064
894077
894126
894156
894317
894326
894327
894345
894411
894433
894436
894551
894558
894566
894571
894573
894579
894639
894738
894830
894866
895033
895034
895252
895259
895264
895268
895466
895571
895644
895768
895799
895862
895892
895978
896006
896050
896055
896246
896266
896356
896374
896546
896571
896575
896763
896884
896926
896977
897110
897226
897390
897502
897549
897583
897715
897788
897851
897866
898023
898066
898166
898167
898217
898304
898436
898921
898939
898995
898999
899041
899092
899097
899101
899121
899131
899183
899188
899199
899323
899328
899341
899588
899843
899977
900128
900151
900244
900542
900601
900656
900802
901059
901124
901407
901424
901541
901669
901684
901690
901765
901847
902002
902051
902203
902208
902239
902485
902508
902523
902539
902592
902592
902718
902851
902911
902979
903315
903429
903565
903600
903653
903664
903757
904015
904168
904196
904452
904502
904632
904634
904665
904755
904775
904797
904804
904899
904911
904939
904991
905055
905079
905114
905267
905385
905417
905453
905558
905633
905962
906058
906063
906075
906143
906174
906226
906448
906706
907018
907047
907145
907214
907245
907287
907329
907352
907427
907691
907698
907845
907870
907941
907970
907978
907984
908085
908233
908262
908422
908447
908495
908523
908596
908604
908628
908710
908960
909068
909146
909437
909847
910093
910630
910762
910928
911078
911150
911192
911309
911635
911700
911715
911816
911978
912061
912239
912325
912480
912529
912872
912963
913035
913100
913103
913234
913288
913397
913534
913592
913709
913779
913809
913820
913857
913864
914087
914130
914153
914362
914365
914410
914416
914479
914487
914504
914624
914801
914968
915113
915138
915247
915451
915458
915514
915609
915833
915918
916010
916232
916248
916263
916367
916423
916677
916697
916711
916733
916743
916837
916909
916979
917015
917046
917122
917150
917412
917448
917701
917721
918046
918088
918247
918261
918263
918263
918303
918422
918556
918746
918817
919183
919195
919285
919386
919457
919474
919607
919752
919845
919858
919975
920053
920060
920211
920462
920755
920758
920840
921237
921295
921341
921427
921482
921510
921711
921761
921803
922117
922358
922475
922628
922642
922646
922661
922771
922826
922843
922943
923157
923178
923357
923372
923542
923545
923601
923640
923643
923788
923835
924086
924168
924259
924299
924317
924357
924448
924649
924977
925123
925129
925150
925183
925263
925284
925310
925333
925550
925561
925586
925800
925955
925987
926043
926104
926154
926293
926381
926692
926703
926782
926838
926883
926985
927117
927252
927281
927341
927434
927461
927573
927694
927719
927756
927803
927844
927860
927869
927926
928315
928346
928513
928532
928655
928845
928881
928947
929015
929037
929076
929103
929160
929250
929251
929473
929548
929617
929652
929671
929760
929844
929957
929973
930005
930115
930246
930273
930307
930325
930410
930438
930512
930571
930837
930877
931102
931125
931223
931232
931246
931440
931544
931738
931761
931811
931917
931934
931965
932039
932223
932230
932235
932249
932459
932565
932583
932596
932873
932970
932995
933128
933250
933314
933336
933435
933477
933512
933822
933920
934050
934143
934236
934268
934465
934497
934504
934558
934613
934695
934811
934866
934954
934966
935098
935278
935530
935844
935871
935949
936112
936155
936229
936385
936532
936625
936679
936713
936721
936845
937014
937022
937267
937313
937542
937550
937708
937764
937788
937848
937851
937933
938089
938358
938382
938528
938578
938619
938732
938825
939001
939014
939061
939108
939307
939381
939427
939484
939748
939759
939957
939977
940001
940293
940375
940513
940596
940670
940743
940770
940809
940898
940904
940953
941116
941180
941333
941343
941498
941510
941538
941568
941620
941744
941875
941899
941905
941913
942156
942159
942269
942302
942337
942422
942485
942503
942544
942567
942813
943127
943241
943282
943321
943359
943405
943411
943418
943468
943522
943623
943650
943734
943969
944141
944168
944180
944191
944211
944216
944227
944314
944369
944410
944465
944635
944759
944767
944772
944776
944812
944879
944884
945038
945049
945068
945106
945181
945181
945667
945674
945741
946162
946195
946563
946600
946696
946821
947045
947122
947169
947192
947243
947246
947272
947312
947321
947482
947561
947563
947675
947830
947896
947936
947953
947959
948222
948270
948538
948815
948853
948899
949016
949042
949090
949218
949282
949286
949382
949422
949439
949540
949601
949658
949706
949895
949913
949939
949969
949998
950012
950493
950670
950734
950860
950888
951031
951045
951173
951176
951204
951250
951361
951517
951739
951740
951748
951795
951874
951905
951934
951981
952015
952135
952140
952205
952442
952571
952627
952853
953012
953063
953085
953178
953221
953268
953338
953457
953476
953579
953612
953615
953783
953805
953863
953933
953943
953953
954061
954297
954386
954400
954470
954572
954839
955192
955428
955534
955570
955598
956059
956083
956166
956227
956259
956587
956613
956674
956803
956858
956870
956879
957042
957072
957090
957214
957419
957613
957677
957862
957909
957921
958019
958030
958075
958125
958246
958247
958267
958319
958453
958547
958575
958635
958686
958796
959036
959058
959174
959182
959358
959437
959591
959803
959872
959872
960006
960295
960298
960584
960814
960827
960848
960973
960990
961136
961241
961575
961612
961840
961891
961980
962094
962248
962520
962910
962928
963173
963267
963268
963318
963498
963592
963646
963726
963868
963880
963979
964001
964003
964018
964041
964109
964312
964314
964350
964383
964407
964427
964458
964526
964547
964922
965133
965268
965297
965298
965398
965489
965492
965507
965534
965580
965583
965594
965646
965745
965837
965850
965874
966132
966221
966294
966337
966498
966507
966691
966773
966814
966907
966956
967212
967245
967257
967279
967284
967297
967327
967389
967394
967731
967804
967847
967876
967941
968210
968264
968477
968619
968718
968976
969011
969032
969082
969163
969226
969573
969582
969834
969900
970065
970099
970150
970347
970362
970369
970385
970480
970522
970523
970590
970733
970754
970837
970867
971100
971152
971280
971328
971526
971586
971646
971765
971778
971802
971827
972177
972191
972211
972262
972294
972326
972404
972427
972730
972877
973097
973313
973352
973493
973521
973547
973624
973743
973840
973928
974198
974526
974601
974715
975028
975214
975295
975512
975795
975807
976033
976060
976127
976213
976220
976257
976275
976300
976561
976866
977033
977165
977308
977321
977382
977543
977559
977587
977710
977943
977977
977986
978096
978238
978335
978388
978464
978551
978561
978571
978642
978783
978930
978937
979112
979158
979198
979222
979556
979854
980005
980051
980071
980083
980114
980125
980130
980200
980227
980282
980299
980418
980494
980761
980888
980888
980946
980990
981068
981108
981117
981120
981147
981156
981553
981565
981617
981650
981759
981848
981868
982018
982156
982245
982277
982371
982522
982549
982565
982606
982786
982994
983131
983311
983529
983615
983628
983665
983811
983818
983831
983918
983963
984299
984406
984464
984485
984604
984676
984994
985014
985091
985463
985725
985928
986001
986080
986126
986170
986296
986569
986702
986712
986803
986913
986981
987096
987122
987163
987298
987307
987362
987597
987598
987601
987664
987819
987914
987979
988008
988177
988227
988513
988557
988588
988631
988661
988726
988786
988838
988880
988898
988899
988963
989037
989101
989126
989193
989314
989332
989445
989506
989637
989648
989763
990146
990239
990405
990446
990449
990605
990853
990912
990920
990941
991035
991094
991118
991202
991326
991330
991684
991689
991710
991825
992097
992108
992203
992361
992679
992953
993122
993124
993186
993230
993275
993370
993386
993495
993549
993551
993595
993626
993665
993831
993850
993993
994228
994265
994364
994406
994491
994605
994616
994685
994734
994801
994815
994884
994937
994973
994982
995142
995212
995309
995342
995373
995391
995561
995645
995714
995892
995911
995954
996126
996220
996363
996389
996407
996550
996678
996729
996751
996758
996825
997014
997149
997214
997413
997429
997434
997435
997481
997538
997729
997760
997761
997853
997867
997886
997937
998258
998270
998454
998571
998623
998647
998662
998720
998812
999041
999048
999082
999102
999104
999367
999401
999480
999582
999586
999910
