10001
10008
10010
10016
10025
10042
10045
10048
10075
10076
10080
10094
10096
10101
10118
10119
10126
10130
10142
10155
10157
10159
10164
10165
10175
10180
10181
10187
10191
10204
10209
10211
10212
10215
10220
10222
10225
10230
10232
10236
10241
10246
10257
10269
10283
10290
10294
10309
10315
10324
10338
10343
10345
10357
10364
10369
10381
10384
10394
10397
10402
10416
10423
10434
10439
10439
10444
10447
10454
10454
10475
10480
10499
10514
10525
10527
10530
10540
10545
10563
10568
10580
10594
10610
10619
10625
10653
10658
10660
10661
10685
10686
10723
10739
10742
10755
10768
10774
10792
10796
10801
10833
10834
10847
10856
10861
10868
10873
10877
10879
10889
10894
10900
10910
10912
10932
10941
10946
10955
10974
10995
11030
11031
11049
11091
11109
11118
11131
11138
11139
11142
11146
11154
11163
11173
11200
11238
11254
11255
11255
11266
11270
11287
11297
11309
11309
11317
11319
11335
11371
11371
11391
11405
11417
11419
11432
11456
11456
11464
11465
11468
11476
11486
11507
11515
11524
11542
11542
11551
11566
11578
11592
11595
11602
11629
11640
11649
11659
11662
11671
11673
11682
11689
11696
11705
11705
11706
11729
11738
11741
11746
11749
11756
11759
11766
11784
11789
11793
11796
11804
11810
11837
11878
11893
11919
11938
11953
11961
11975
11979
11985
12014
12032
12034
12046
12051
12055
12061
12062
12069
12071
12072
12079
12095
12121
12129
12129
12154
12180
12189
12203
12216
12227
12230
12259
12267
12272
12276
12282
12294
12301
12322
12342
12349
12349
12356
12370
12373
12373
12382
12396
12403
12413
12425
12446
12446
12476
12494
12498
12500
12509
12520
12527
12537
12552
12555
12558
12561
12563
12592
12606
12610
12617
12631
12633
12652
12675
12685
12687
12691
12699
12709
12719
12756
12782
12795
12809
12810
12818
12826
12829
12836
12838
12848
12858
12867
12867
12867
12874
12880
12885
12888
12889
12890
12894
12921
12923
12924
12958
12970
12984
12984
12991
12994
13020
13036
13038
13061
13064
13064
13068
13071
13074
13099
13100
13104
13110
13118
13124
13129
13147
13168
13176
13182
13183
13184
13187
13190
13194
13201
13214
13232
13233
13235
13257
13272
13280
13287
13289
13295
13298
13303
13311
13319
13324
13331
13331
13338
13353
13371
13386
13386
13401
13402
13421
13431
13435
13455
13458
13465
13469
13469
13475
13483
13494
13514
13525
13526
13527
13531
13532
13564
13564
13571
13582
13618
13632
13633
13655
13666
13673
13675
13680
13701
13711
13720
13759
13761
13763
13777
13783
13795
13798
13807
13810
13838
13845
13856
13858
13865
13870
13875
13876
13878
13886
13888
13901
13910
13912
13914
13914
13916
13918
13934
13939
13957
13967
13969
13987
13991
13997
13998
14006
14010
14010
14024
14037
14039
14039
14040
14048
14058
14062
14081
14099
14111
14133
14136
14147
14150
14157
14158
14168
14184
14187
14189
14229
14230
14230
14240
14240
14254
14256
14273
14288
14321
14322
14340
14341
14343
14352
14361
14375
14389
14390
14412
14415
14416
14421
14421
14442
14464
14473
14484
14501
14510
14515
14526
14552
14563
14563
14568
14585
14588
14601
14617
14620
14627
14641
14658
14668
14672
14693
14696
14698
14727
14728
14735
14746
14754
14757
14760
14764
14767
14780
14789
14817
14819
14825
14826
14829
14843
14848
14850
14856
14865
14875
14884
14889
14894
14901
14906
14910
14912
14932
14935
14943
14945
14949
14967
14972
14991
15007
15010
15015
15015
15019
15024
15030
15031
15039
15071
15080
15094
15096
15098
15167
15169
15181
15187
15187
15199
15206
15217
15227
15235
15254
15258
15263
15272
15273
15289
15294
15311
15314
15320
15326
15332
15337
15362
15363
15376
15378
15410
15417
15422
15422
15424
15426
15439
15442
15457
15463
15483
15484
15488
15510
15520
15526
15534
15544
15565
15577
15593
15595
15603
15611
15613
15618
15632
15642
15645
15651
15668
15670
15671
15690
15695
15722
15732
15740
15742
15748
15753
15755
15756
15767
15779
15789
15795
15809
15809
15823
15825
15833
15854
15860
15890
15945
15946
15947
15953
15962
15970
15976
15986
15987
15991
16000
16033
16061
16063
16071
16072
16078
16096
16104
16108
16119
16125
16129
16129
16129
16131
16132
16138
16145
16147
16172
16177
16177
16187
16208
16214
16219
16222
16228
16238
16239
16240
16243
16258
16277
16280
16285
16291
16295
16305
16323
16326
16327
16331
16341
16342
16344
16351
16363
16405
16424
16439
16442
16446
16449
16454
16458
16462
16478
16479
16480
16487
16487
16494
16497
16502
16503
16509
16511
16528
16532
16535
16536
16542
16542
16549
16555
16556
16557
16559
16564
16605
16610
16617
16624
16635
16672
16677
16692
16715
16717
16719
16728
16784
16790
16795
16813
16815
16821
16825
16827
16837
16842
16844
16851
16856
16860
16892
16893
16895
16900
16904
16909
16913
16914
16915
16928
16937
16938
16941
16951
16954
16957
16985
17006
17008
17009
17011
17016
17016
17043
17045
17048
17051
17075
17075
17080
17091
17096
17107
17113
17123
17131
17137
17154
17159
17159
17173
17181
17199
17202
17206
17236
17241
17253
17265
17269
17286
17291
17294
17300
17305
17314
17326
17327
17333
17341
17354
17360
17361
17377
17389
17392
17393
17406
17413
17424
17428
17440
17456
17471
17488
17527
17530
17535
17567
17567
17568
17571
17572
17574
17575
17601
17607
17613
17621
17640
17659
17677
17679
17682
17685
17691
17708
17712
17716
17719
17743
17746
17754
17765
17781
17798
17806
17810
17816
17833
17838
17856
17858
17863
17876
17877
17938
17941
17962
17970
17974
17977
17983
17992
17999
17999
18018
18024
18038
18045
18057
18068
18073
18074
18077
18085
18091
18094
18100
18136
18155
18157
18166
18184
18190
18197
18198
18198
18201
18204
18223
18225
18226
18254
18263
18269
18271
18285
18287
18294
18298
18309
18312
18313
18351
18376
18401
18407
18423
18444
18445
18496
18501
18501
18508
18514
18517
18532
18557
18558
18560
18577
18578
18598
18599
18612
18635
18635
18645
18650
18668
18670
18688
18694
18702
18764
18769
18775
18783
18790
18791
18795
18802
18812
18814
18815
18818
18835
18835
18853
18854
18867
18869
18871
18875
18892
18893
18897
18926
18940
18941
18950
18952
18953
18959
18967
18983
18993
18996
19004
19015
19020
19036
19061
19077
19078
19100
19105
19116
19123
19137
19146
19156
19160
19163
19169
19178
19181
19190
19191
19195
19209
19217
19218
19226
19228
19229
19233
19239
19264
19270
19273
19283
19286
19287
19290
19303
19312
19332
19337
19346
19356
19362
19371
19381
19394
19397
19398
19430
19433
19433
19453
19454
19479
19479
19511
19525
19525
19531
19535
19546
19569
19570
19584
19586
19593
19610
19611
19616
19660
19670
19695
19766
19771
19779
19779
19779
19797
19807
19809
19811
19811
19813
19825
19825
19827
19829
19835
19847
19854
19856
19867
19867
19879
19889
19891
19896
19898
19913
19921
19937
19938
19939
19947
19951
19963
19964
19970
19972
20019
20020
20038
20057
20059
20065
20079
20079
20086
20104
20115
20121
20123
20127
20128
20152
20174
20176
20179
20183
20259
20264
20276
20277
20286
20294
20300
20301
20306
20316
20387
20390
20406
20426
20451
20454
20457
20457
20459
20461
20488
20492
20509
20513
20514
20519
20527
20529
20531
20543
20550
20556
20560
20566
20577
20600
20607
20614
20617
20626
20638
20643
20648
20674
20699
20702
20721
20727
20739
20742
20746
20753
20757
20770
20777
20778
20800
20803
20817
20853
20866
20867
20885
20891
20906
20912
20927
20940
20944
20945
20947
20949
20960
20968
20972
20973
20976
20980
20980
21006
21025
21029
21029
21040
21050
21051
21053
21057
21057
21069
21071
21077
21116
21132
21143
21161
21164
21167
21171
21188
21189
21193
21195
21202
21224
21229
21229
21234
21236
21244
21246
21283
21293
21297
21308
21310
21312
21320
21324
21341
21345
21352
21357
21366
21404
21441
21455
21470
21471
21477
21478
21488
21490
21493
21505
21526
21529
21549
21564
21570
21577
21579
21591
21599
21604
21608
21613
21631
21643
21654
21655
21659
21664
21682
21691
21700
21714
21717
21723
21745
21752
21769
21772
21775
21789
21798
21820
21823
21833
21834
21867
21878
21878
21879
21887
21896
21900
21902
21907
21907
21911
21918
21957
21957
21982
21984
21989
21990
21994
22007
22009
22010
22025
22026
22031
22048
22048
22065
22080
22088
22091
22092
22094
22094
22131
22133
22156
22160
22165
22169
22176
22178
22180
22186
22201
22201
22208
22216
22218
22223
22253
22275
22286
22290
22298
22344
22349
22350
22375
22379
22394
22404
22439
22470
22480
22481
22493
22504
22506
22515
22531
22531
22551
22553
22576
22578
22600
22609
22616
22622
22630
22641
22656
22665
22675
22686
22692
22693
22693
22694
22695
22720
22720
22722
22734
22740
22748
22749
22751
22767
22771
22800
22808
22809
22810
22814
22819
22820
22831
22849
22859
22866
22896
22912
22927
22938
22938
22988
22998
23008
23014
23015
23024
23027
23033
23034
23036
23045
23053
23060
23073
23086
23097
23101
23110
23137
23167
23173
23187
23188
23191
23199
23202
23218
23221
23256
23279
23283
23301
23304
23309
23317
23332
23336
23355
23367
23369
23371
23379
23382
23386
23390
23409
23409
23421
23429
23431
23433
23436
23441
23448
23453
23463
23465
23485
23487
23499
23504
23523
23525
23540
23557
23567
23567
23570
23571
23577
23594
23618
23619
23620
23638
23663
23663
23695
23696
23704
23709
23727
23745
23752
23776
23811
23834
23852
23856
23860
23871
23875
23887
23894
23895
23899
23903
23906
23907
23917
23929
23929
23935
23938
23947
23972
23982
23984
23994
24000
24014
24027
24035
24040
24045
24050
24066
24075
24079
24080
24094
24106
24107
24109
24109
24118
24128
24134
24135
24137
24143
24148
24161
24168
24182
24182
24193
24196
24209
24211
24241
24257
24272
24275
24295
24303
24305
24327
24343
24351
24357
24365
24369
24378
24413
24424
24424
24426
24431
24440
24441
24449
24454
24462
24467
24472
24507
24509
24512
24522
24530
24537
24542
24572
24576
24577
24581
24581
24582
24595
24598
24606
24608
24627
24645
24660
24665
24677
24677
24678
24685
24689
24690
24725
24731
24735
24752
24760
24761
24770
24774
24791
24792
24796
24799
24804
24808
24830
24830
24841
24841
24853
24873
24883
24898
24902
24932
24945
24951
24952
24957
24963
24972
24978
24987
24990
24997
25003
25007
25013
25029
25039
25045
25050
25072
25074
25099
25106
25114
25128
25133
25154
25155
25155
25160
25161
25164
25166
25168
25180
25182
25183
25184
25188
25212
25219
25237
25253
25264
25269
25285
25287
25288
25299
25318
25321
25334
25346
25347
25349
25361
25370
25375
25377
25379
25381
25382
25388
25390
25405
25415
25421
25423
25426
25426
25429
25438
25451
25457
25463
25471
25488
25488
25501
25504
25505
25505
25510
25512
25518
25532
25538
25538
25552
25560
25561
25575
25580
25582
25599
25616
25619
25624
25624
25634
25636
25677
25681
25693
25693
25702
25704
25709
25715
25716
25720
25729
25751
25790
25799
25805
25818
25825
25831
25844
25848
25875
25877
25883
25908
25923
25924
25927
25928
25935
25943
25951
25954
25963
25969
25982
25984
25987
25991
25998
26017
26025
26037
26039
26039
26053
26059
26062
26080
26086
26102
26107
26112
26123
26123
26135
26176
26178
26183
26212
26218
26236
26237
26238
26239
26240
26243
26257
26273
26284
26287
26298
26309
26310
26313
26314
26336
26356
26363
26369
26372
26386
26403
26415
26426
26437
26464
26496
26506
26510
26524
26532
26544
26563
26570
26589
26604
26616
26617
26618
26621
26628
26639
26641
26644
26655
26659
26663
26676
26676
26676
26692
26694
26705
26713
26718
26724
26728
26752
26760
26765
26786
26793
26806
26806
26811
26817
26825
26826
26827
26829
26833
26836
26845
26857
26872
26884
26891
26923
26935
26939
26944
26945
26955
26962
27008
27019
27030
27030
27051
27062
27076
27079
27084
27087
27095
27098
27107
27114
27120
27121
27132
27139
27156
27162
27174
27181
27182
27192
27207
27209
27210
27220
27239
27243
27245
27251
27257
27264
27265
27290
27298
27305
27311
27313
27337
27337
27337
27358
27364
27372
27375
27393
27399
27404
27408
27432
27432
27432
27446
27449
27454
27463
27472
27484
27501
27517
27522
27532
27582
27582
27584
27587
27623
27633
27636
27646
27655
27662
27667
27671
27678
27685
27687
27693
27701
27706
27710
27723
27725
27727
27728
27728
27742
27747
27752
27754
27769
27782
27789
27795
27798
27804
27841
27865
27899
27914
27916
27924
27926
27934
27937
27938
27940
27945
27951
27960
27963
27968
27978
27981
28030
28043
28054
28059
28083
28084
28091
28094
28112
28118
28136
28140
28140
28140
28140
28151
28175
28180
28182
28197
28197
28207
28208
28224
28236
28237
28237
28239
28244
28245
28262
28265
28284
28293
28295
28303
28324
28332
28363
28363
28366
28367
28369
28375
28377
28377
28388
28394
28397
28409
28410
28426
28428
28439
28451
28462
28464
28480
28487
28497
28500
28503
28509
28544
28548
28565
28573
28576
28578
28579
28613
28614
28623
28630
28645
28663
28671
28676
28725
28730
28734
28747
28777
28778
28792
28801
28802
28813
28815
28818
28826
28827
28829
28835
28839
28847
28863
28868
28876
28889
28892
28917
28919
28974
28975
28984
28987
28990
29005
29026
29033
29039
29047
29050
29061
29065
29078
29123
29134
29140
29144
29148
29181
29186
29196
29197
29205
29207
29228
29230
29230
29230
29245
29259
29269
29278
29281
29287
29289
29298
29301
29302
29305
29307
29314
29316
29322
29343
29368
29369
29371
29374
29378
29381
29383
29387
29388
29400
29408
29412
29419
29421
29439
29449
29462
29469
29475
29479
29541
29541
29549
29553
29554
29568
29596
29606
29612
29615
29616
29618
29619
29619
29644
29651
29652
29653
29654
29656
29675
29679
29680
29700
29723
29731
29740
29744
29750
29752
29760
29786
29824
29846
29862
29877
29879
29911
29918
29924
29926
29935
29936
29944
30011
30019
30031
30035
30055
30066
30069
30072
30098
30149
30153
30173
30177
30217
30220
30272
30279
30285
30285
30292
30299
30314
30327
30330
30333
30345
30347
30366
30373
30381
30382
30409
30413
30413
30435
30436
30440
30444
30447
30464
30486
30493
30493
30495
30498
30500
30508
30509
30515
30538
30539
30553
30575
30587
30609
30611
30617
30618
30640
30641
30642
30646
30650
30655
30670
30684
30709
30709
30709
30721
30738
30768
30796
30808
30811
30830
30850
30857
30860
30862
30891
30891
30901
30912
30926
30932
30944
30949
30950
30953
30957
30958
30968
30971
30980
30987
30988
30999
31002
31008
31013
31017
31022
31032
31032
31036
31038
31044
31054
31065
31098
31123
31123
31127
31148
31154
31166
31172
31184
31189
31192
31193
31207
31220
31229
31235
31259
31294
31295
31315
31319
31324
31331
31334
31336
31337
31339
31342
31354
31358
31388
31412
31412
31423
31430
31432
31433
31436
31446
31449
31458
31459
31476
31478
31488
31491
31498
31511
31525
31529
31535
31539
31544
31559
31560
31565
31573
31593
31595
31614
31623
31632
31635
31635
31650
31667
31667
31671
31679
31680
31687
31690
31692
31692
31694
31708
31726
31728
31739
31756
31765
31767
31771
31776
31783
31819
31824
31847
31847
31849
31853
31863
31865
31875
31887
31911
31911
31913
31921
31937
31947
31970
31979
31980
31981
31986
31987
32000
32005
32023
32031
32037
32038
32058
32061
32064
32067
32073
32073
32088
32091
32104
32139
32142
32154
32166
32201
32210
32214
32223
32230
32238
32239
32245
32254
32255
32265
32282
32304
32318
32326
32327
32341
32352
32360
32362
32375
32396
32401
32402
32402
32414
32420
32422
32424
32426
32438
32439
32447
32451
32452
32464
32464
32474
32487
32489
32489
32490
32509
32511
32526
32529
32546
32551
32563
32570
32575
32578
32578
32585
32590
32595
32605
32617
32623
32630
32639
32666
32674
32692
32709
32715
32720
32732
32733
32745
32749
32754
32758
32766
32769
32778
32779
32791
32791
32816
32821
32830
32831
32834
32835
32839
32846
32856
32860
32877
32881
32885
32899
32901
32911
32920
32920
32936
32943
32951
32954
32957
32962
32962
32981
32988
33013
33014
33058
33067
33069
33094
33096
33129
33130
33134
33143
33144
33150
33156
33174
33197
33202
33207
33223
33244
33248
33249
33254
33257
33270
33272
33282
33313
33348
33362
33368
33370
33383
33401
33402
33417
33432
33438
33461
33462
33470
33482
33485
33492
33496
33496
33499
33501
33502
33517
33519
33521
33523
33525
33526
33539
33541
33542
33560
33592
33598
33607
33624
33625
33637
33639
33654
33668
33672
33676
33681
33685
33691
33706
33709
33721
33722
33737
33747
33752
33762
33768
33789
33797
33801
33802
33809
33811
33813
33818
33832
33840
33842
33851
33855
33875
33881
33924
33925
33958
33987
33989
33997
33998
34004
34025
34032
34033
34041
34043
34045
34057
34062
34063
34079
34102
34114
34114
34122
34122
34128
34150
34170
34181
34195
34197
34206
34210
34221
34247
34258
34269
34296
34302
34304
34313
34323
34337
34339
34381
34396
34405
34409
34411
34413
34418
34420
34438
34451
34471
34487
34497
34500
34502
34517
34523
34526
34536
34577
34578
34584
34593
34600
34601
34617
34620
34634
34638
34641
34646
34655
34662
34668
34671
34678
34695
34700
34713
34716
34720
34723
34740
34741
34752
34753
34762
34777
34783
34784
34789
34791
34791
34818
34826
34832
34847
34857
34861
34862
34872
34877
34892
34895
34896
34907
34908
34921
34925
34933
34941
34947
34955
34963
34984
35006
35021
35034
35037
35038
35043
35043
35068
35071
35072
35080
35099
35099
35099
35103
35105
35120
35125
35125
35144
35146
35148
35163
35183
35191
35195
35214
35218
35256
35268
35271
35318
35348
35361
35368
35376
35376
35386
35397
35408
35417
35418
35422
35438
35445
35453
35455
35463
35499
35512
35515
35524
35538
35551
35551
35567
35572
35574
35577
35593
35602
35604
35608
35614
35617
35624
35629
35630
35639
35645
35649
35652
35657
35666
35668
35676
35695
35695
35695
35698
35717
35730
35737
35737
35754
35754
35768
35783
35787
35788
35789
35799
35802
35804
35815
35835
35839
35840
35855
35857
35863
35876
35885
35890
35896
35903
35914
35918
35920
35920
35924
35931
35939
35954
35964
35965
35967
35995
35997
35999
36001
36004
36016
36019
36023
36033
36036
36058
36073
36076
36082
36103
36104
36120
36122
36137
36147
36155
36161
36168
36169
36173
36181
36182
36188
36193
36222
36245
36270
36285
36297
36301
36308
36316
36319
36320
36323
36326
36334
36342
36344
36349
36351
36352
36370
36375
36379
36394
36398
36398
36401
36403
36405
36416
36418
36427
36429
36431
36437
36443
36447
36447
36460
36465
36504
36527
36540
36547
36575
36608
36624
36639
36645
36651
36659
36666
36668
36682
36684
36711
36747
36756
36756
36762
36762
36771
36776
36810
36815
36818
36844
36844
36858
36858
36858
36871
36879
36883
36883
36888
36906
36921
36923
36951
36952
36979
36989
37025
37033
37040
37048
37052
37064
37070
37077
37079
37094
37107
37108
37133
37137
37159
37168
37174
37174
37181
37185
37194
37198
37201
37202
37210
37218
37220
37225
37227
37230
37238
37241
37242
37263
37276
37279
37306
37307
37310
37313
37319
37325
37329
37334
37357
37363
37398
37405
37410
37417
37424
37432
37436
37438
37450
37471
37476
37493
37494
37506
37511
37522
37526
37535
37536
37536
37537
37550
37553
37554
37559
37572
37576
37600
37615
37615
37618
37633
37639
37642
37659
37669
37677
37685
37693
37699
37713
37717
37732
37735
37741
37747
37760
37770
37776
37813
37821
37829
37837
37839
37841
37842
37845
37856
37857
37859
37870
37870
37873
37880
37881
37882
37888
37889
37897
37920
37945
37945
37967
37969
37970
37991
37996
37996
37998
38015
38020
38034
38059
38059
38059
38061
38068
38070
38100
38100
38106
38121
38133
38150
38161
38174
38184
38200
38230
38232
38244
38262
38264
38270
38272
38276
38281
38294
38307
38314
38327
38337
38341
38357
38368
38382
38387
38416
38420
38422
38440
38449
38452
38461
38467
38477
38479
38482
38484
38485
38520
38528
38535
38549
38554
38566
38594
38597
38608
38618
38624
38624
38632
38637
38669
38692
38694
38698
38716
38719
38725
38725
38741
38759
38762
38773
38777
38778
38796
38796
38798
38809
38812
38813
38814
38842
38851
38853
38877
38890
38890
38893
38923
38931
38943
38947
38947
38986
38988
39001
39005
39013
39014
39014
39039
39050
39062
39067
39069
39070
39085
39094
39094
39096
39097
39121
39126
39134
39135
39159
39184
39189
39193
39193
39194
39205
39216
39217
39221
39225
39233
39237
39238
39268
39277
39279
39300
39310
39310
39318
39324
39331
39351
39354
39355
39375
39381
39381
39384
39408
39411
39411
39417
39421
39423
39436
39445
39457
39471
39486
39486
39501
39508
39523
39524
39524
39526
39532
39542
39565
39568
39572
39589
39611
39615
39628
39628
39644
39661
39668
39692
39713
39763
39764
39774
39792
39824
39827
39829
39845
39867
39869
39871
39885
39904
39911
39916
39922
39932
39941
39942
39944
39954
39961
39979
39993
39997
39998
40013
40023
40027
40034
40034
40044
40071
40073
40083
40090
40094
40111
40113
40118
40121
40122
40129
40141
40146
40147
40150
40170
40172
40181
40200
40204
40233
40234
40238
40240
40242
40247
40257
40271
40275
40277
40289
40291
40300
40317
40320
40321
40331
40332
40363
40367
40371
40377
40419
40435
40445
40450
40459
40462
40465
40465
40488
40495
40501
40502
40512
40519
40523
40528
40533
40539
40541
40558
40568
40589
40589
40601
40605
40615
40619
40624
40626
40641
40648
40652
40654
40689
40697
40698
40719
40720
40737
40739
40746
40747
40747
40749
40755
40770
40772
40773
40799
40808
40809
40810
40817
40818
40823
40825
40831
40833
40840
40849
40871
40871
40889
40902
40915
40923
40925
40941
40942
40942
40947
40960
40972
40973
40992
41012
41035
41041
41042
41042
41043
41074
41091
41103
41110
41123
41131
41134
41149
41173
41178
41187
41189
41192
41192
41201
41212
41216
41219
41235
41245
41246
41268
41269
41294
41299
41300
41303
41320
41343
41350
41354
41354
41358
41366
41370
41381
41388
41414
41424
41434
41439
41440
41442
41444
41452
41454
41467
41470
41475
41487
41502
41510
41513
41520
41521
41568
41571
41575
41579
41601
41604
41611
41614
41619
41622
41631
41633
41634
41653
41657
41667
41674
41697
41700
41705
41707
41710
41732
41736
41751
41775
41798
41802
41811
41821
41822
41828
41850
41864
41866
41867
41871
41879
41883
41897
41898
41901
41930
41931
41942
41945
41949
41951
41973
41979
41979
41991
42000
42016
42025
42029
42032
42048
42069
42075
42083
42105
42133
42159
42167
42182
42185
42193
42193
42214
42219
42226
42232
42245
42250
42251
42254
42256
42265
42281
42283
42283
42295
42300
42307
42308
42314
42317
42319
42324
42326
42339
42350
42362
42364
42369
42370
42379
42383
42386
42403
42404
42412
42417
42448
42457
42464
42483
42483
42487
42491
42496
42503
42503
42514
42524
42528
42547
42556
42566
42568
42578
42588
42596
42616
42632
42634
42643
42646
42665
42672
42697
42699
42700
42709
42734
42735
42764
42767
42783
42853
42857
42868
42878
42884
42903
42905
42922
42949
42951
42959
42961
42980
42986
42991
43008
43017
43030
43040
43061
43067
43087
43092
43098
43104
43112
43113
43123
43130
43136
43143
43154
43177
43182
43186
43214
43220
43231
43232
43235
43249
43263
43265
43274
43275
43326
43327
43331
43359
43365
43375
43387
43395
43412
43414
43423
43432
43442
43457
43479
43486
43525
43528
43538
43542
43564
43574
43579
43582
43586
43608
43611
43612
43624
43625
43631
43634
43635
43638
43640
43650
43675
43675
43685
43717
43727
43732
43745
43757
43762
43780
43785
43795
43800
43801
43802
43805
43806
43815
43824
43850
43862
43865
43865
43870
43873
43875
43881
43884
43890
43910
43926
43926
43926
43951
43964
43965
43971
43979
43981
43985
44004
44033
44041
44050
44059
44062
44069
44069
44071
44077
44092
44093
44110
44126
44128
44130
44139
44146
44156
44166
44190
44194
44209
44224
44229
44249
44261
44271
44275
44278
44293
44305
44314
44325
44325
44339
44344
44363
44385
44388
44390
44397
44400
44403
44405
44411
44437
44464
44468
44489
44489
44493
44497
44505
44530
44531
44532
44542
44547
44550
44556
44557
44562
44587
44593
44605
44615
44621
44626
44631
44639
44644
44647
44651
44653
44666
44676
44695
44696
44699
44700
44711
44730
44733
44734
44737
44749
44756
44759
44761
44771
44773
44775
44783
44793
44804
44805
44813
44824
44826
44827
44844
44852
44862
44863
44863
44866
44867
44869
44872
44880
44896
44897
44907
44919
44928
44967
44979
44990
44994
45008
45016
45017
45021
45030
45030
45032
45038
45039
45049
45054
45054
45055
45056
45064
45079
45084
45092
45092
45095
45102
45104
45108
45110
45110
45121
45162
45169
45202
45216
45217
45222
45242
45246
45251
45267
45268
45278
45279
45285
45285
45293
45294
45298
45313
45316
45321
45332
45334
45360
45360
45362
45377
45382
45396
45397
45411
45413
45418
45418
45429
45445
45454
45470
45471
45482
45485
45489
45506
45508
45520
45520
45544
45550
45556
45571
45581
45587
45593
45603
45611
45615
45616
45629
45647
45652
45658
45687
45691
45693
45695
45697
45719
45745
45745
45753
45756
45758
45759
45763
45765
45768
45770
45788
45793
45794
45800
45807
45814
45822
45827
45835
45850
45855
45861
45862
45864
45867
45868
45871
45874
45883
45886
45895
45908
45911
45917
45922
45940
45953
45956
45964
45984
45991
45992
45992
45996
46001
46002
46021
46025
46029
46054
46059
46075
46078
46085
46108
46108
46111
46116
46124
46134
46140
46140
46146
46147
46149
46152
46175
46180
46183
46184
46202
46209
46214
46219
46250
46257
46263
46279
46283
46286
46293
46305
46306
46307
46310
46311
46311
46332
46334
46335
46342
46379
46383
46401
46403
46414
46416
46427
46432
46436
46446
46466
46467
46471
46478
46478
46483
46535
46536
46542
46550
46562
46570
46571
46580
46596
46608
46617
46639
46647
46675
46675
46679
46697
46697
46704
46705
46705
46728
46754
46756
46789
46790
46796
46807
46818
46838
46842
46844
46848
46848
46865
46871
46888
46910
46924
46935
46945
46959
46963
46975
46977
47001
47007
47008
47016
47019
47021
47032
47045
47051
47068
47077
47083
47086
47101
47101
47102
47109
47116
47123
47138
47150
47165
47167
47173
47180
47181
47184
47189
47189
47194
47204
47206
47225
47230
47257
47269
47299
47301
47305
47319
47319
47327
47338
47341
47346
47359
47359
47365
47368
47387
47397
47402
47408
47409
47420
47420
47424
47426
47441
47497
47498
47500
47505
47507
47524
47534
47535
47538
47539
47548
47550
47562
47567
47580
47582
47588
47592
47604
47606
47616
47668
47673
47681
47686
47689
47691
47701
47722
47722
47775
47792
47812
47829
47842
47842
47849
47852
47852
47856
47864
47885
47888
47900
47904
47905
47914
47923
47936
47950
47957
47957
47963
47966
47988
47998
48006
48012
48013
48013
48014
48018
48044
48061
48070
48087
48099
48104
48113
48119
48131
48132
48135
48145
48154
48156
48158
48159
48164
48174
48174
48177
48191
48194
48196
48202
48210
48217
48225
48226
48271
48272
48274
48285
48345
48354
48357
48361
48366
48367
48367
48375
48386
48386
48404
48406
48407
48419
48422
48426
48428
48439
48457
48470
48472
48476
48484
48485
48490
48497
48513
48532
48533
48557
48558
48560
48562
48575
48583
48613
48614
48626
48629
48631
48632
48634
48677
48685
48692
48703
48735
48757
48778
48785
48786
48798
48818
48829
48829
48834
48847
48852
48859
48872
48875
48880
48888
48892
48895
48895
48901
48905
48921
48921
48923
48924
48927
48930
48948
48954
48957
48963
48964
48970
48982
48983
48988
48991
48995
49001
49017
49020
49023
49024
49033
49052
49054
49083
49085
49085
49096
49106
49107
49113
49116
49129
49135
49148
49156
49168
49175
49178
49181
49184
49188
49191
49194
49224
49257
49259
49260
49265
49266
49284
49294
49304
49316
49331
49351
49362
49362
49378
49379
49384
49404
49426
49432
49433
49433
49449
49462
49462
49472
49473
49483
49488
49489
49494
49495
49497
49500
49512
49531
49562
49574
49580
49582
49592
49594
49596
49599
49604
49609
49611
49622
49623
49636
49644
49673
49676
49684
49686
49696
49759
49763
49773
49784
49785
49787
49794
49798
49817
49833
49833
49834
49840
49846
49861
49870
49875
49876
49885
49909
49912
49933
49945
49958
49959
49966
49970
49973
49978
49979
49989
49990
49997
50012
50015
50019
50035
50042
50057
50085
50085
50104
50126
50128
50154
50166
50194
50196
50212
50213
50214
50218
50222
50230
50245
50252
50264
50275
50277
50280
50292
50318
50330
50331
50353
50354
50355
50371
50376
50376
50378
50387
50395
50396
50411
50414
50433
50465
50471
50479
50480
50480
50504
50511
50517
50523
50524
50529
50538
50548
50551
50555
50558
50590
50596
50597
50605
50608
50616
50638
50642
50646
50654
50690
50697
50708
50710
50711
50720
50728
50730
50740
50742
50744
50748
50754
50756
50765
50765
50768
50769
50780
50790
50799
50804
50814
50816
50826
50864
50886
50890
50890
50892
50893
50900
50913
50918
50919
50921
50930
50938
50941
50970
50973
50981
51002
51002
51009
51012
51016
51034
51035
51044
51053
51058
51061
51079
51084
51087
51117
51130
51147
51164
51177
51184
51193
51214
51222
51240
51241
51251
51254
51259
51270
51272
51274
51276
51296
51298
51308
51341
51350
51384
51390
51399
51400
51424
51427
51433
51436
51437
51441
51447
51482
51494
51523
51550
51578
51590
51594
51606
51609
51626
51628
51635
51642
51659
51671
51676
51688
51692
51699
51715
51733
51733
51748
51753
51763
51768
51770
51807
51808
51823
51825
51827
51837
51838
51838
51841
51850
51866
51870
51907
51912
51916
51934
51947
51949
51955
51958
51994
52004
52007
52008
52014
52020
52021
52023
52031
52042
52046
52058
52060
52060
52070
52072
52074
52126
52135
52159
52162
52162
52165
52166
52169
52175
52183
52188
52196
52196
52210
52210
52213
52217
52258
52266
52279
52281
52287
52291
52296
52320
52340
52345
52348
52360
52361
52365
52382
52409
52409
52440
52443
52447
52459
52465
52482
52488
52494
52496
52503
52510
52524
52566
52572
52610
52615
52616
52622
52627
52631
52646
52648
52657
52666
52667
52669
52683
52701
52743
52747
52759
52777
52778
52784
52879
52888
52894
52897
52908
52920
52920
52921
52928
52949
52958
52970
52977
52987
53018
53022
53022
53023
53024
53032
53050
53059
53094
53113
53120
53120
53150
53153
53173
53186
53217
53233
53234
53238
53247
53259
53261
53281
53287
53304
53313
53321
53328
53342
53404
53429
53432
53443
53452
53465
53470
53474
53503
53512
53517
53517
53533
53533
53551
53561
53565
53566
53567
53592
53600
53604
53605
53610
53619
53620
53622
53633
53637
53640
53641
53652
53654
53666
53667
53681
53681
53689
53693
53706
53721
53728
53731
53789
53794
53810
53819
53827
53836
53842
53847
53848
53853
53855
53856
53856
53859
53873
53877
53879
53881
53883
53887
53890
53900
53906
53911
53920
53921
53934
53946
53949
53960
53966
53968
53985
53991
53999
54005
54011
54011
54057
54058
54058
54058
54064
54066
54070
54082
54089
54092
54101
54111
54112
54128
54129
54138
54147
54171
54183
54191
54194
54196
54203
54219
54240
54241
54247
54251
54257
54270
54274
54283
54294
54294
54298
54306
54307
54313
54330
54339
54358
54362
54362
54389
54395
54395
54401
54406
54412
54419
54433
54444
54451
54480
54486
54494
54510
54521
54526
54539
54540
54556
54563
54578
54579
54589
54604
54640
54647
54658
54673
54683
54686
54698
54715
54718
54726
54742
54751
54757
54759
54770
54770
54772
54775
54801
54811
54813
54826
54829
54835
54841
54842
54857
54874
54884
54911
54912
54927
54929
54934
54939
54939
54948
54952
54957
54957
54958
54995
54996
54997
55001
55006
55007
55010
55010
55025
55045
55053
55070
55075
55085
55099
55101
55105
55127
55131
55132
55133
55135
55160
55182
55184
55196
55211
55222
55224
55225
55235
55243
55250
55257
55296
55304
55305
55311
55354
55380
55387
55395
55417
55431
55435
55435
55438
55455
55479
55490
55495
55497
55511
55513
55518
55535
55535
55544
55546
55551
55556
55565
55579
55599
55618
55618
55625
55636
55638
55650
55657
55669
55672
55675
55707
55717
55720
55731
55740
55742
55754
55757
55786
55790
55803
55821
55824
55828
55829
55837
55855
55863
55872
55887
55893
55894
55936
55941
55945
55951
55956
55964
55975
55976
55979
55993
55993
55994
56004
56004
56016
56034
56046
56050
56051
56070
56077
56083
56087
56096
56121
56152
56157
56193
56196
56201
56204
56215
56233
56237
56238
56239
56250
56259
56261
56289
56293
56300
56302
56311
56316
56323
56327
56329
56330
56330
56333
56338
56341
56344
56349
56349
56354
56370
56382
56407
56409
56417
56423
56433
56434
56441
56446
56461
56471
56476
56476
56496
56496
56534
56537
56542
56545
56560
56562
56567
56570
56575
56579
56580
56593
56600
56622
56655
56655
56668
56673
56684
56693
56733
56739
56747
56753
56754
56765
56768
56780
56808
56825
56835
56854
56858
56863
56869
56877
56886
56896
56901
56916
56918
56918
56928
56938
56940
56941
56948
56976
56982
56994
56997
57000
57002
57007
57012
57013
57023
57024
57040
57060
57063
57069
57081
57130
57142
57155
57155
57158
57163
57170
57175
57179
57181
57196
57207
57214
57220
57222
57229
57233
57234
57254
57254
57254
57256
57280
57294
57300
57312
57332
57333
57339
57341
57342
57342
57348
57357
57360
57370
57385
57392
57402
57412
57415
57417
57436
57437
57437
57442
57469
57480
57492
57510
57532
57538
57551
57557
57563
57566
57571
57577
57578
57582
57582
57588
57589
57594
57608
57620
57627
57638
57646
57653
57655
57665
57682
57688
57698
57706
57714
57715
57730
57746
57754
57755
57755
57760
57760
57762
57781
57792
57813
57817
57917
57919
57919
57935
57935
57942
57943
57946
57968
58021
58035
58037
58046
58049
58065
58069
58071
58075
58078
58089
58090
58091
58104
58114
58121
58123
58135
58148
58166
58172
58174
58202
58207
58209
58210
58225
58245
58274
58295
58299
58304
58308
58322
58323
58330
58332
58334
58345
58345
58348
58350
58374
58378
58382
58394
58394
58409
58425
58435
58448
58450
58456
58468
58475
58482
58488
58494
58507
58514
58529
58531
58535
58540
58543
58549
58552
58569
58576
58576
58587
58589
58591
58591
58593
58596
58600
58610
58626
58633
58636
58654
58658
58668
58668
58672
58702
58721
58723
58724
58726
58732
58732
58741
58741
58747
58764
58764
58827
58828
58857
58858
58860
58886
58886
58941
58958
58970
58972
58981
59015
59018
59022
59081
59094
59094
59096
59114
59127
59128
59140
59141
59162
59177
59208
59212
59213
59215
59228
59229
59247
59258
59259
59262
59271
59286
59288
59307
59310
59311
59318
59335
59351
59360
59361
59361
59365
59378
59391
59396
59401
59407
59409
59410
59418
59425
59431
59457
59473
59494
59503
59519
59526
59551
59557
59584
59597
59608
59611
59614
59627
59632
59635
59654
59673
59711
59711
59715
59716
59722
59728
59809
59810
59823
59842
59845
59855
59855
59865
59881
59881
59888
59890
59902
59913
59923
59934
59938
59955
59977
59977
59987
59997
59998
60005
60007
60017
60022
60028
60036
60039
60040
60051
60051
60051
60052
60068
60073
60079
60098
60119
60130
60135
60173
60201
60208
60227
60228
60244
60254
60266
60277
60277
60279
60283
60295
60301
60308
60318
60322
60345
60358
60377
60379
60384
60399
60439
60447
60457
60458
60459
60469
60474
60482
60496
60513
60516
60529
60539
60555
60561
60563
60617
60635
60635
60639
60658
60667
60703
60705
60707
60718
60726
60735
60740
60747
60749
60779
60783
60798
60803
60808
60815
60825
60846
60870
60876
60881
60885
60891
60902
60920
60929
60935
60971
60974
60975
60988
60990
61004
61035
61043
61049
61058
61060
61070
61085
61087
61103
61109
61114
61119
61129
61129
61134
61165
61176
61184
61185
61208
61208
61225
61229
61235
61253
61262
61262
61277
61277
61295
61330
61340
61368
61376
61378
61382
61392
61395
61397
61397
61399
61435
61444
61455
61455
61462
61464
61467
61476
61477
61477
61489
61493
61503
61504
61506
61512
61516
61518
61518
61528
61542
61551
61552
61565
61565
61589
61599
61606
61606
61606
61616
61628
61638
61641
61661
61682
61685
61698
61707
61727
61729
61730
61741
61744
61747
61748
61751
61755
61759
61792
61809
61810
61817
61826
61831
61836
61838
61838
61848
61874
61879
61888
61916
61917
61919
61920
61922
61939
61962
61964
61978
61980
61984
61989
61999
62000
62000
62010
62014
62024
62050
62053
62062
62068
62075
62088
62091
62119
62125
62127
62129
62132
62139
62141
62146
62149
62153
62170
62194
62195
62212
62224
62227
62231
62236
62266
62268
62271
62273
62283
62283
62294
62299
62306
62315
62318
62327
62339
62341
62346
62375
62382
62397
62398
62414
62415
62423
62437
62442
62443
62447
62449
62461
62465
62466
62467
62485
62496
62500
62508
62508
62511
62521
62526
62533
62572
62596
62596
62612
62634
62635
62644
62646
62667
62670
62681
62686
62714
62716
62719
62719
62720
62724
62728
62741
62762
62763
62769
62778
62782
62791
62792
62802
62804
62823
62834
62848
62865
62866
62867
62871
62882
62886
62890
62891
62915
62923
62924
62931
62945
62947
62949
62975
62977
62985
62993
62994
62999
63005
63021
63028
63031
63040
63043
63044
63046
63047
63076
63092
63098
63103
63113
63137
63143
63145
63160
63168
63179
63179
63199
63202
63214
63215
63223
63225
63226
63253
63253
63257
63260
63263
63277
63290
63307
63317
63320
63324
63324
63336
63343
63363
63377
63431
63455
63465
63473
63484
63485
63488
63492
63506
63513
63547
63551
63566
63576
63580
63580
63583
63593
63594
63606
63616
63622
63622
63650
63652
63659
63683
63696
63702
63706
63717
63728
63737
63738
63741
63742
63753
63755
63773
63798
63805
63832
63853
63854
63859
63867
63868
63869
63883
63887
63888
63890
63895
63934
63939
63958
63960
63968
63969
63980
63992
63994
64009
64011
64027
64034
64038
64043
64044
64051
64052
64061
64067
64071
64072
64076
64077
64105
64105
64113
64124
64135
64141
64145
64157
64159
64172
64178
64178
64183
64185
64187
64192
64212
64214
64219
64226
64232
64240
64247
64274
64289
64298
64298
64301
64304
64313
64318
64321
64337
64362
64378
64381
64385
64395
64407
64412
64413
64452
64464
64467
64482
64494
64502
64507
64510
64525
64530
64531
64552
64561
64566
64568
64571
64573
64578
64580
64587
64595
64603
64614
64624
64649
64657
64668
64670
64675
64676
64678
64683
64702
64703
64708
64714
64719
64719
64736
64749
64774
64788
64797
64800
64801
64804
64807
64809
64813
64827
64834
64850
64852
64853
64856
64862
64871
64871
64885
64887
64905
64906
64908
64912
64913
64925
64938
64939
64940
64954
64969
64976
64996
64999
65028
65089
65118
65142
65147
65148
65169
65178
65179
65182
65191
65207
65220
65221
65232
65246
65256
65259
65262
65271
65280
65287
65299
65301
65301
65303
65304
65313
65314
65320
65334
65337
65340
65347
65354
65362
65364
65371
65386
65390
65394
65411
65416
65429
65440
65458
65466
65511
65516
65529
65534
65539
65570
65578
65581
65585
65596
65601
65610
65619
65637
65655
65659
65659
65664
65666
65669
65712
65716
65725
65745
65746
65764
65766
65772
65781
65781
65783
65790
65809
65812
65813
65828
65833
65837
65859
65865
65873
65896
65897
65907
65914
65924
65929
65930
65934
65999
66023
66025
66044
66051
66052
66053
66056
66060
66060
66060
66066
66089
66098
66103
66110
66116
66126
66128
66154
66161
66171
66171
66172
66197
66198
66199
66217
66232
66237
66257
66271
66273
66304
66313
66356
66359
66386
66394
66399
66416
66418
66424
66436
66439
66455
66471
66482
66486
66497
66498
66504
66508
66522
66528
66533
66542
66543
66553
66561
66577
66579
66582
66587
66594
66597
66599
66599
66604
66606
66610
66617
66623
66643
66645
66647
66656
66672
66684
66685
66717
66721
66730
66747
66772
66787
66809
66814
66818
66825
66833
66844
66851
66859
66866
66873
66875
66887
66902
66905
66905
66941
66945
66950
66962
66967
66986
66989
66997
66999
67000
67008
67018
67019
67024
67032
67032
67036
67051
67063
67065
67087
67094
67099
67122
67127
67145
67148
67152
67197
67199
67212
67216
67217
67218
67220
67224
67245
67250
67257
67281
67297
67302
67306
67307
67316
67321
67327
67334
67347
67352
67386
67407
67408
67410
67419
67430
67438
67439
67444
67449
67469
67479
67480
67485
67487
67490
67506
67508
67514
67532
67533
67541
67549
67554
67557
67563
67564
67565
67570
67578
67581
67584
67584
67597
67610
67629
67629
67641
67646
67656
67666
67675
67677
67679
67682
67689
67704
67707
67724
67732
67742
67757
67785
67786
67791
67792
67798
67799
67802
67805
67805
67807
67823
67824
67824
67826
67828
67833
67835
67861
67868
67870
67871
67875
67878
67882
67886
67890
67892
67905
67921
67928
67946
67955
67957
67980
67989
67992
67993
67997
67998
67999
68009
68011
68012
68024
68025
68035
68055
68056
68059
68074
68087
68110
68112
68117
68123
68124
68137
68159
68160
68168
68174
68192
68215
68224
68225
68236
68243
68249
68256
68259
68261
68278
68278
68284
68288
68300
68307
68313
68335
68336
68352
68355
68363
68366
68375
68376
68383
68389
68401
68425
68429
68435
68440
68458
68491
68500
68510
68510
68512
68512
68531
68534
68539
68550
68570
68571
68573
68591
68593
68613
68615
68626
68634
68665
68669
68675
68704
68726
68731
68737
68741
68761
68767
68781
68810
68828
68839
68854
68855
68876
68882
68894
68897
68907
68909
68922
68922
68929
68946
68949
68969
68970
68976
68978
68981
68983
69000
69023
69034
69042
69065
69068
69077
69095
69102
69105
69130
69130
69132
69139
69145
69147
69147
69154
69167
69179
69183
69186
69187
69197
69211
69213
69227
69231
69232
69267
69268
69290
69296
69310
69312
69323
69358
69359
69365
69372
69386
69386
69406
69420
69422
69427
69431
69440
69462
69488
69489
69497
69504
69509
69518
69519
69526
69533
69537
69544
69545
69546
69547
69552
69556
69558
69560
69561
69569
69576
69584
69588
69589
69590
69602
69604
69612
69639
69655
69660
69661
69678
69693
69693
69701
69708
69715
69715
69720
69721
69723
69734
69744
69750
69753
69772
69778
69790
69792
69822
69826
69833
69833
69836
69855
69860
69864
69879
69899
69902
69939
69952
69972
69985
69991
69996
69997
70000
70002
70008
70031
70050
70050
70050
70069
70072
70079
70085
70088
70094
70100
70101
70110
70113
70123
70124
70131
70140
70140
70142
70144
70147
70149
70189
70196
70201
70205
70206
70218
70226
70249
70256
70293
70296
70299
70304
70308
70338
70348
70355
70366
70388
70414
70417
70422
70427
70432
70443
70448
70454
70458
70458
70464
70477
70485
70485
70488
70492
70510
70517
70529
70543
70552
70562
70569
70572
70573
70586
70589
70608
70620
70625
70637
70638
70639
70649
70653
70655
70661
70662
70664
70704
70712
70718
70733
70734
70736
70741
70749
70755
70758
70759
70773
70781
70793
70801
70808
70812
70832
70833
70841
70853
70853
70854
70855
70873
70874
70876
70877
70880
70884
70888
70905
70908
70911
70913
70916
70920
70922
70942
70948
70959
70961
70962
70969
71004
71026
71029
71034
71049
71049
71066
71071
71077
71077
71108
71116
71126
71128
71134
71152
71182
71187
71187
71191
71198
71199
71204
71211
71212
71219
71233
71244
71253
71257
71260
71261
71263
71277
71283
71285
71296
71309
71314
71319
71330
71335
71356
71357
71367
71382
71389
71390
71404
71419
71420
71427
71434
71438
71438
71439
71462
71462
71482
71493
71495
71527
71527
71541
71543
71548
71571
71589
71626
71634
71639
71639
71644
71649
71661
71664
71666
71670
71670
71673
71682
71685
71702
71706
71707
71714
71720
71721
71722
71760
71763
71767
71779
71784
71799
71801
71809
71816
71820
71831
71836
71844
71860
71870
71881
71881
71894
71906
71918
71948
71950
71951
71976
71987
71990
71992
71994
71999
72011
72023
72029
72035
72037
72042
72044
72056
72073
72074
72075
72087
72100
72112
72122
72134
72141
72143
72152
72164
72166
72186
72189
72202
72204
72220
72231
72239
72241
72250
72250
72262
72280
72286
72292
72295
72309
72312
72319
72328
72340
72374
72380
72386
72402
72408
72441
72451
72456
72457
72465
72476
72477
72502
72547
72569
72573
72592
72601
72604
72610
72619
72625
72633
72657
72660
72666
72675
72678
72686
72688
72689
72693
72698
72698
72717
72718
72755
72758
72774
72786
72789
72789
72793
72796
72801
72801
72819
72823
72831
72832
72846
72875
72876
72885
72885
72889
72900
72915
72919
72920
72944
72963
72978
73013
73013
73043
73047
73063
73074
73079
73081
73099
73101
73124
73133
73133
73139
73145
73150
73168
73181
73184
73184
73190
73196
73198
73202
73204
73225
73232
73237
73257
73269
73273
73276
73313
73338
73353
73359
73372
73376
73378
73379
73392
73399
73403
73423
73431
73440
73444
73449
73451
73454
73467
73467
73471
73475
73491
73497
73500
73501
73520
73533
73548
73549
73553
73559
73559
73580
73581
73595
73612
73617
73645
73660
73673
73679
73687
73697
73698
73707
73709
73711
73713
73725
73741
73752
73752
73773
73777
73777
73816
73823
73824
73832
73842
73847
73852
73859
73870
73878
73883
73904
73916
73921
73922
73926
73943
73954
73979
73990
73995
73996
74009
74019
74026
74027
74037
74044
74049
74052
74052
74060
74064
74082
74082
74084
74087
74090
74100
74125
74131
74135
74149
74158
74171
74185
74198
74223
74224
74225
74227
74230
74245
74245
74247
74260
74269
74277
74292
74300
74300
74309
74320
74322
74322
74348
74363
74364
74371
74378
74378
74378
74401
74404
74417
74419
74425
74432
74441
74449
74462
74465
74473
74474
74477
74479
74488
74524
74527
74528
74536
74536
74538
74556
74556
74558
74574
74591
74597
74597
74616
74625
74629
74629
74643
74645
74652
74663
74701
74709
74733
74735
74737
74743
74748
74758
74773
74801
74808
74831
74835
74856
74861
74863
74869
74878
74887
74895
74904
74926
74933
74936
74939
74949
74975
74998
75004
75005
75016
75019
75019
75029
75036
75037
75039
75045
75059
75064
75082
75100
75106
75114
75119
75138
75140
75145
75147
75158
75187
75193
75224
75229
75232
75237
75237
75241
75242
75243
75257
75259
75266
75267
75283
75283
75295
75305
75321
75324
75325
75334
75350
75353
75380
75383
75405
75406
75427
75438
75439
75442
75451
75461
75461
75467
75467
75471
75473
75477
75503
75507
75511
75511
75520
75526
75529
75547
75563
75568
75568
75574
75574
75585
75593
75612
75627
75630
75649
75650
75654
75655
75655
75655
75656
75659
75660
75673
75707
75732
75736
75744
75750
75761
75763
75764
75783
75785
75788
75788
75801
75809
75810
75827
75838
75841
75848
75848
75851
75876
75877
75885
75892
75897
75906
75913
75918
75933
75940
75958
75961
75968
75985
75989
75996
75997
76018
76041
76045
76050
76069
76072
76074
76087
76098
76103
76107
76120
76155
76189
76197
76206
76222
76226
76236
76237
76238
76239
76244
76245
76246
76247
76248
76269
76290
76304
76305
76309
76326
76330
76334
76338
76343
76347
76347
76354
76362
76369
76385
76394
76408
76415
76417
76421
76431
76445
76448
76450
76462
76473
76483
76486
76493
76493
76495
76495
76497
76500
76505
76532
76534
76536
76537
76559
76560
76567
76590
76600
76614
76614
76640
76664
76686
76688
76694
76694
76695
76695
76696
76698
76705
76716
76727
76729
76746
76753
76768
76771
76778
76779
76797
76825
76841
76859
76892
76894
76904
76908
76913
76931
76934
76936
76950
76956
76982
76988
77019
77021
77023
77027
77029
77041
77043
77071
77082
77084
77093
77094
77115
77139
77139
77149
77162
77179
77195
77204
77230
77231
77240
77256
77261
77268
77290
77300
77312
77313
77325
77330
77333
77344
77350
77353
77370
77374
77377
77394
77397
77404
77408
77413
77418
77419
77419
77424
77443
77460
77472
77477
77517
77562
77566
77567
77576
77580
77584
77600
77610
77625
77629
77649
77651
77657
77662
77672
77694
77695
77714
77728
77738
77742
77747
77751
77761
77763
77791
77793
77798
77807
77812
77818
77835
77868
77869
77875
77907
77920
77922
77931
77951
77958
77967
77979
78000
78003
78029
78030
78031
78040
78049
78054
78084
78085
78098
78101
78105
78119
78139
78146
78147
78151
78158
78167
78184
78192
78193
78200
78203
78204
78206
78223
78224
78237
78240
78241
78255
78268
78281
78282
78286
78307
78326
78326
78334
78343
78349
78357
78359
78360
78369
78375
78377
78383
78385
78386
78411
78411
78412
78426
78437
78451
78478
78478
78504
78517
78535
78544
78546
78559
78568
78579
78580
78586
78612
78615
78618
78619
78619
78629
78632
78637
78643
78649
78653
78666
78670
78686
78687
78688
78700
78711
78714
78726
78732
78735
78745
78747
78753
78769
78771
78780
78790
78815
78817
78825
78831
78854
78870
78873
78903
78906
78917
78921
78931
78951
78951
78958
78971
78982
78995
79009
79010
79016
79019
79027
79036
79036
79061
79076
79078
79090
79092
79103
79151
79152
79154
79155
79175
79191
79195
79197
79197
79200
79207
79261
79264
79286
79294
79305
79305
79315
79318
79324
79326
79343
79345
79345
79354
79369
79370
79395
79404
79407
79435
79447
79451
79456
79461
79464
79473
79479
79480
79490
79498
79504
79509
79511
79517
79519
79519
79528
79529
79537
79552
79557
79558
79565
79583
79588
79597
79612
79620
79624
79625
79630
79632
79648
79649
79650
79656
79669
79684
79685
79692
79695
79697
79705
79716
79716
79719
79726
79732
79732
79736
79740
79770
79776
79785
79789
79794
79799
79808
79811
79816
79828
79839
79848
79855
79861
79870
79920
79921
79926
79927
79966
79969
79969
79975
79979
79980
79986
79997
80016
80021
80023
80039
80039
80046
80051
80054
80061
80079
80086
80088
80090
80092
80141
80141
80148
80148
80159
80170
80170
80173
80180
80186
80201
80209
80231
80245
80257
80269
80270
80274
80296
80311
80316
80320
80323
80336
80358
80368
80368
80373
80430
80452
80471
80477
80478
80484
80512
80515
80529
80546
80554
80554
80556
80561
80573
80573
80585
80598
80618
80620
80655
80656
80697
80710
80719
80737
80746
80763
80770
80771
80795
80809
80810
80815
80816
80833
80839
80846
80851
80875
80897
80901
80903
80912
80931
80954
80957
80966
80970
80973
80991
80994
81002
81005
81019
81019
81037
81044
81045
81099
81105
81121
81134
81150
81167
81170
81171
81178
81182
81185
81191
81195
81199
81200
81202
81216
81248
81250
81252
81262
81279
81279
81281
81289
81293
81297
81312
81314
81318
81335
81337
81340
81340
81352
81354
81394
81404
81428
81477
81486
81490
81502
81503
81513
81521
81522
81531
81539
81542
81555
81565
81570
81571
81588
81592
81598
81606
81618
81627
81628
81644
81645
81650
81653
81675
81681
81686
81688
81695
81697
81719
81726
81727
81735
81741
81743
81754
81773
81779
81784
81788
81793
81818
81830
81832
81843
81849
81849
81854
81876
81882
81884
81890
81892
81893
81899
81900
81930
81939
81955
81961
81965
81966
81975
81977
82029
82033
82051
82053
82053
82059
82060
82073
82091
82092
82097
82099
82100
82100
82116
82123
82133
82142
82168
82175
82193
82194
82198
82212
82218
82219
82225
82226
82234
82238
82246
82260
82267
82318
82320
82324
82332
82334
82345
82347
82347
82349
82354
82371
82380
82400
82408
82422
82425
82434
82444
82448
82454
82457
82499
82518
82526
82531
82553
82559
82574
82578
82580
82585
82611
82616
82631
82648
82663
82675
82679
82683
82684
82693
82738
82753
82785
82788
82798
82810
82817
82820
82823
82825
82835
82843
82845
82847
82850
82861
82884
82887
82897
82898
82907
82914
82937
82955
82964
82975
82990
82995
83011
83043
83057
83067
83072
83085
83092
83105
83108
83115
83120
83159
83168
83171
83208
83219
83224
83225
83233
83240
83245
83266
83290
83303
83319
83331
83334
83342
83351
83365
83379
83386
83387
83407
83414
83415
83416
83426
83431
83432
83436
83437
83447
83449
83451
83471
83485
83490
83495
83496
83531
83538
83548
83550
83550
83558
83563
83566
83577
83593
83600
83606
83608
83613
83626
83642
83648
83650
83663
83666
83667
83668
83675
83685
83696
83697
83702
83703
83704
83716
83718
83719
83724
83752
83754
83762
83763
83764
83771
83784
83786
83797
83802
83826
83831
83834
83838
83855
83862
83863
83866
83878
83884
83888
83904
83910
83934
83949
83965
83980
84006
84023
84044
84066
84068
84069
84084
84152
84177
84185
84189
84198
84223
84228
84230
84243
84246
84256
84263
84289
84297
84300
84303
84308
84308
84314
84321
84322
84323
84333
84339
84352
84354
84362
84382
84404
84411
84441
84460
84461
84470
84473
84484
84494
84502
84513
84519
84548
84555
84560
84561
84564
84566
84571
84571
84578
84584
84586
84593
84600
84616
84639
84643
84659
84663
84666
84668
84684
84695
84696
84703
84717
84733
84739
84742
84763
84787
84796
84805
84808
84810
84819
84829
84837
84839
84840
84840
84871
84873
84889
84895
84895
84913
84925
84935
84952
84957
84963
84971
84974
84977
84982
84985
85016
85031
85044
85048
85049
85054
85057
85068
85074
85082
85105
85105
85106
85113
85141
85142
85147
85154
85155
85162
85168
85174
85207
85263
85264
85282
85284
85288
85290
85314
85314
85315
85335
85341
85344
85354
85360
85368
85375
85419
85440
85452
85456
85460
85471
85472
85478
85488
85523
85563
85569
85571
85580
85582
85583
85597
85608
85625
85653
85668
85672
85676
85681
85685
85692
85694
85696
85706
85716
85723
85727
85746
85752
85762
85772
85772
85773
85787
85820
85826
85834
85835
85847
85849
85864
85870
85871
85875
85886
85889
85894
85915
85916
85920
85940
85948
85953
85953
85955
85956
85959
85962
85966
85971
85988
85988
85989
85992
86002
86006
86008
86017
86028
86030
86036
86043
86067
86067
86072
86085
86090
86099
86101
86105
86130
86135
86142
86143
86144
86144
86157
86187
86193
86208
86215
86228
86232
86254
86255
86262
86274
86299
86309
86340
86352
86355
86363
86371
86373
86379
86383
86389
86391
86391
86400
86415
86421
86426
86430
86432
86446
86446
86455
86460
86463
86516
86546
86552
86561
86566
86577
86577
86581
86596
86628
86633
86643
86648
86671
86673
86674
86684
86714
86726
86760
86762
86775
86784
86807
86814
86818
86818
86824
86825
86835
86842
86849
86854
86854
86861
86875
86880
86885
86892
86900
86907
86917
86940
86946
86980
86986
86999
87007
87023
87029
87033
87038
87039
87045
87062
87066
87069
87076
87096
87102
87111
87113
87117
87137
87151
87155
87158
87171
87172
87175
87187
87207
87210
87212
87212
87213
87217
87228
87228
87232
87243
87245
87265
87271
87290
87306
87308
87316
87317
87336
87358
87360
87361
87363
87370
87371
87374
87383
87385
87389
87389
87416
87428
87434
87463
87471
87471
87480
87484
87484
87492
87499
87521
87525
87526
87526
87530
87550
87553
87559
87567
87575
87576
87584
87586
87627
87646
87686
87696
87699
87708
87740
87757
87813
87821
87831
87835
87836
87839
87842
87849
87870
87879
87879
87887
87893
87904
87907
87913
87916
87922
87923
87924
87931
87957
87958
87977
87984
87994
87996
87996
88000
88016
88027
88034
88077
88080
88088
88088
88089
88099
88099
88102
88112
88122
88141
88150
88168
88169
88177
88185
88196
88199
88201
88209
88229
88277
88283
88284
88286
88306
88308
88317
88333
88349
88355
88366
88366
88380
88384
88396
88397
88402
88402
88423
88428
88432
88436
88462
88467
88491
88494
88511
88518
88532
88541
88544
88552
88557
88566
88567
88595
88605
88606
88608
88611
88616
88624
88634
88644
88652
88657
88662
88663
88689
88699
88701
88702
88702
88706
88711
88730
88743
88749
88764
88794
88812
88815
88822
88823
88831
88846
88854
88857
88857
88863
88873
88884
88908
88920
88923
88943
88946
88951
88961
88965
88975
88975
88977
88990
89004
89007
89009
89022
89032
89055
89060
89092
89092
89106
89112
89114
89115
89116
89123
89137
89138
89143
89145
89182
89186
89197
89198
89202
89206
89211
89241
89245
89256
89261
89275
89279
89280
89296
89302
89303
89318
89325
89354
89384
89391
89403
89415
89437
89464
89480
89494
89503
89509
89516
89520
89521
89524
89526
89529
89536
89538
89560
89562
89584
89601
89605
89615
89617
89634
89659
89666
89679
89727
89751
89761
89794
89799
89801
89814
89820
89823
89832
89833
89834
89836
89837
89858
89865
89872
89883
89890
89900
89907
89927
89940
89945
89955
89965
90000
90003
90040
90069
90098
90104
90115
90117
90131
90135
90152
90167
90171
90196
90215
90259
90269
90273
90295
90299
90305
90308
90309
90321
90322
90324
90329
90342
90353
90354
90361
90364
90369
90370
90380
90386
90391
90397
90399
90414
90422
90423
90423
90432
90434
90447
90462
90469
90478
90479
90484
90514
90516
90518
90521
90532
90537
90552
90553
90553
90558
90563
90572
90576
90585
90585
90587
90593
90600
90611
90623
90652
90702
90703
90712
90717
90736
90756
90768
90775
90791
90797
90802
90803
90804
90805
90809
90820
90826
90844
90864
90868
90875
90877
90885
90885
90892
90893
90894
90910
90912
90925
90931
90937
90939
90940
90947
90955
90958
91004
91006
91018
91045
91074
91080
91086
91112
91113
91113
91125
91141
91152
91155
91162
91165
91167
91170
91176
91178
91205
91223
91227
91231
91231
91233
91241
91263
91275
91287
91297
91303
91311
91315
91324
91326
91328
91356
91377
91379
91382
91404
91407
91408
91427
91441
91457
91468
91484
91490
91492
91494
91502
91504
91507
91508
91514
91524
91526
91530
91531
91534
91563
91564
91567
91577
91578
91593
91629
91642
91646
91654
91674
91679
91697
91708
91723
91734
91749
91765
91765
91795
91800
91827
91833
91835
91838
91849
91851
91852
91894
91904
91917
91943
91944
91945
91948
91953
91955
91963
91981
92023
92031
92034
92043
92051
92055
92062
92065
92085
92090
92118
92123
92129
92141
92149
92158
92162
92174
92178
92183
92187
92197
92199
92208
92248
92262
92263
92275
92292
92297
92299
92303
92321
92323
92347
92353
92355
92399
92406
92421
92442
92444
92447
92459
92466
92478
92479
92491
92495
92495
92511
92512
92523
92530
92548
92550
92560
92560
92562
92565
92577
92589
92590
92602
92603
92621
92682
92682
92684
92692
92715
92717
92727
92728
92733
92758
92766
92770
92789
92793
92802
92807
92810
92820
92849
92861
92879
92884
92888
92892
92894
92894
92897
92901
92914
92920
92929
92934
92936
92937
92940
92944
92949
92969
92975
92980
92991
92995
93007
93029
93036
93050
93087
93091
93093
93097
93101
93101
93104
93129
93136
93156
93172
93174
93175
93181
93188
93196
93202
93221
93223
93249
93261
93265
93284
93288
93295
93298
93298
93302
93306
93324
93330
93330
93334
93335
93347
93353
93353
93371
93382
93385
93386
93388
93395
93397
93398
93398
93404
93409
93414
93422
93447
93453
93468
93476
93477
93479
93479
93507
93514
93518
93521
93534
93550
93560
93562
93568
93568
93569
93569
93585
93602
93606
93617
93636
93639
93639
93641
93641
93646
93651
93664
93680
93698
93715
93730
93742
93742
93758
93779
93803
93814
93828
93838
93842
93852
93856
93869
93876
93879
93882
93898
93905
93912
93918
93919
93921
93925
93928
93933
93955
93963
93972
93973
93978
93985
93987
93989
93993
93996
94002
94007
94007
94013
94014
94027
94086
94099
94120
94127
94136
94141
94162
94166
94168
94185
94200
94205
94207
94213
94217
94220
94221
94222
94222
94245
94259
94271
94281
94294
94296
94300
94302
94317
94327
94334
94335
94336
94339
94344
94363
94378
94379
94392
94396
94399
94399
94412
94416
94416
94451
94452
94461
94469
94480
94487
94514
94529
94611
94627
94635
94663
94665
94675
94680
94685
94688
94710
94713
94719
94730
94741
94741
94742
94746
94759
94766
94777
94780
94791
94793
94798
94807
94811
94829
94841
94855
94857
94877
94878
94880
94882
94893
94911
94918
94938
94941
94948
94954
94982
95001
95003
95007
95015
95016
95028
95050
95071
95081
95116
95159
95163
95175
95180
95191
95210
95215
95216
95225
95225
95226
95239
95247
95252
95252
95258
95278
95293
95318
95324
95327
95358
95361
95362
95362
95363
95364
95379
95397
95415
95417
95421
95427
95431
95436
95436
95437
95451
95457
95474
95477
95480
95508
95509
95521
95528
95542
95548
95556
95565
95572
95576
95595
95599
95617
95626
95634
95641
95653
95667
95681
95701
95717
95717
95721
95754
95776
95778
95819
95851
95862
95864
95864
95866
95869
95887
95889
95902
95909
95916
95916
95932
95946
95947
95953
95969
95988
96012
96013
96019
96019
96020
96028
96029
96038
96056
96060
96068
96076
96085
96085
96088
96100
96108
96115
96125
96129
96138
96174
96175
96212
96212
96214
96215
96218
96225
96229
96230
96236
96268
96269
96278
96280
96285
96285
96288
96290
96294
96314
96329
96342
96353
96355
96357
96363
96375
96400
96403
96412
96416
96422
96433
96434
96446
96461
96488
96497
96507
96509
96511
96517
96519
96542
96542
96559
96574
96585
96590
96626
96645
96655
96660
96689
96690
96692
96705
96709
96721
96740
96743
96745
96753
96766
96788
96789
96794
96798
96813
96826
96836
96838
96843
96855
96866
96877
96879
96890
96896
96913
96918
96919
96923
96932
96943
96946
96952
96955
96973
96978
96990
96991
97006
97030
97033
97043
97046
97052
97053
97053
97056
97058
97060
97077
97079
97083
97085
97085
97089
97113
97114
97117
97118
97120
97136
97142
97153
97164
97165
97167
97175
97176
97177
97194
97195
97200
97207
97210
97211
97214
97214
97219
97227
97231
97235
97238
97244
97247
97251
97264
97281
97307
97309
97315
97315
97324
97336
97345
97357
97365
97371
97371
97380
97400
97409
97422
97445
97447
97462
97468
97468
97473
97475
97479
97501
97512
97517
97529
97531
97536
97551
97557
97559
97560
97560
97572
97581
97593
97606
97607
97611
97612
97620
97649
97653
97656
97678
97686
97687
97695
97698
97716
97716
97724
97732
97737
97739
97742
97742
97748
97754
97764
97792
97800
97817
97826
97846
97849
97862
97866
97881
97887
97890
97893
97895
97901
97905
97911
97916
97953
97955
97961
97963
97964
97973
97974
97982
97996
98003
98023
98038
98045
98067
98071
98071
98074
98083
98096
98099
98111
98117
98121
98121
98126
98129
98142
98150
98156
98171
98177
98181
98183
98184
98209
98209
98214
98219
98222
98225
98226
98232
98238
98268
98269
98271
98279
98285
98303
98310
98332
98349
98351
98352
98353
98355
98364
98372
98379
98387
98392
98407
98416
98422
98433
98441
98445
98455
98455
98459
98488
98489
98492
98511
98516
98521
98540
98556
98566
98566
98568
98576
98577
98596
98617
98629
98644
98652
98652
98678
98684
98688
98692
98694
98696
98696
98699
98743
98743
98748
98750
98771
98786
98807
98808
98813
98818
98823
98826
98826
98832
98832
98833
98836
98856
98872
98877
98883
98889
98895
98907
98914
98921
98924
98931
98945
98946
98963
98964
98979
98994
98998
99006
99013
99013
99014
99017
99031
99041
99044
99052
99062
99071
99072
99077
99081
99104
99106
99107
99126
99128
99131
99137
99148
99153
99160
99161
99161
99165
99167
99179
99189
99191
99191
99192
99203
99218
99218
99224
99226
99238
99245
99260
99264
99281
99289
99299
99307
99311
99317
99322
99323
99328
99354
99380
99412
99448
99477
99478
99479
99480
99480
99491
99498
99510
99517
99518
99524
99535
99548
99554
99557
99557
99559
99582
99588
99605
99606
99607
99611
99612
99633
99654
99668
99681
99681
99694
99705
99716
99720
99733
99741
99744
99755
99765
99770
99770
99783
99789
99793
99804
99813
99816
99818
99827
99833
99839
99847
99857
99864
99881
99883
99888
99893
99898
99913
99914
99920
99920
99930
99931
99933
99933
99948
99949
99954
99955
99957
99969
