100140
100204
100265
100279
100331
100346
100416
100579
100623
100782
100820
100968
100982
100986
101006
101106
101113
101150
101233
101486
101576
101618
101728
101840
102040
102292
102364
102373
102703
102761
102781
102845
102991
103013
103043
103045
103050
103096
103208
103387
103398
103433
103566
103702
103733
103769
103858
103940
104057
104062
104094
104094
104198
104295
104303
104492
104703
104704
104720
104903
105054
105352
105554
105563
105609
105687
105790
105836
105937
106289
106319
106390
106418
106500
106655
106705
106755
106765
106955
106979
107107
107336
107388
107443
107577
107723
107785
107825
107891
108162
108168
108189
108236
108357
108360
108389
108456
108481
108546
108565
108703
108738
108809
108927
109032
109054
109232
109247
109330
109340
109495
109579
109775
109778
110010
110191
110513
110720
110769
110777
110790
110863
110863
110924
111167
111213
111600
111706
111874
111890
112036
112063
112163
112245
112384
112579
112879
113131
113221
113329
113425
113607
113650
113715
113900
114137
114488
114694
114725
114923
114954
115237
115326
115362
115385
115960
116005
116023
116328
116371
116481
116481
116513
116592
116790
116824
117141
117242
117271
117389
117397
117404
117432
117852
117854
117950
118019
118098
118181
118213
118257
118314
118347
118471
118626
118835
119019
119042
119344
119346
119396
119542
119658
119705
119866
120015
120157
120178
120201
120304
120433
120514
120524
120538
120567
120653
120697
120821
120907
120916
120927
120930
121009
121094
121100
121152
121349
121402
121446
121455
121659
121697
121754
122150
122254
122280
122387
122478
122536
122695
122796
122852
122914
123011
123228
123320
123402
123606
123618
123743
123825
123867
123884
124508
124764
124880
125054
125163
125241
125292
125292
125454
125525
125564
125725
125789
125945
126017
126058
126097
126121
126186
126318
126336
126518
126629
126706
126725
126726
126770
126803
126831
126832
127009
127108
127125
127169
127172
127319
127457
127500
127535
127538
127652
127704
127726
127813
127835
127935
128156
128253
128587
128628
128738
128814
128854
128971
129017
129217
129234
129286
129425
129442
129478
129514
129663
129702
129929
130187
130247
130356
130415
130437
130485
130800
130804
130808
131162
131164
131189
131199
131220
131310
131373
131479
131638
131641
131770
131842
131865
131906
131970
131978
132020
132115
132273
132319
132325
132333
132368
132532
132689
132695
132731
132878
132966
133009
133085
133216
133348
133460
133490
133813
133865
133872
133889
133925
133935
134059
134146
134181
134417
134454
134533
134565
134655
134701
134729
134827
134967
134980
135113
135222
135251
135258
135283
135345
135873
135970
136124
136244
136255
136392
136392
136404
136473
136607
136742
136759
136850
136884
136887
136905
137044
137062
137169
137435
137446
137497
137506
137522
137537
137591
137795
137799
137800
137832
137854
138037
138162
138164
138212
138247
138258
138322
138424
138491
138519
138555
138667
138715
139235
139341
139522
139590
139608
139662
139777
139912
140092
140171
140194
140195
140227
140266
140402
140415
140437
140472
140552
140639
140640
140640
140788
140967
141042
141159
141274
141301
141461
141485
141580
141586
141776
141790
141987
142213
142294
142313
142362
142430
142941
143075
143148
143273
143381
143401
143505
143583
143824
144024
144049
144285
144289
144350
144390
144520
144619
144623
144696
144711
144733
144736
144787
144938
145042
145103
145122
145306
145505
145603
145613
145693
145713
145715
145809
145899
146088
146142
146248
146343
146368
146374
146635
146693
146778
146946
147308
147347
147371
147395
147407
147462
147494
147497
147598
147663
147785
147882
147890
148074
148259
148277
148351
148444
148449
148563
148620
148648
148808
148852
148853
148854
148860
148920
149014
149150
149204
149231
149276
149342
149381
149512
149574
149674
149944
149962
150139
150349
150621
150704
150847
151216
151302
151343
151344
151412
151503
151503
151567
151887
151935
151951
152068
152200
152221
152296
152314
152335
152405
152529
152846
152949
153023
153029
153050
153334
153394
153408
153497
153747
153798
153821
153851
153884
154072
154117
154140
154253
154308
154312
154344
154684
154762
154817
154893
155140
155225
155499
155518
155695
155922
155979
156041
156543
156662
156781
156893
156903
156924
156924
157067
157169
157204
157265
157279
157384
157483
157621
157666
157699
157784
157797
157932
158113
158183
158480
158493
158494
158517
158525
158582
158608
158635
158830
158892
159001
159034
159121
159232
159323
159354
159407
159477
159486
159571
159643
159700
159728
159830
159856
159945
160349
160514
160596
160826
160829
160886
160984
160993
161012
161030
161059
161115
161217
161298
161328
161344
161363
161383
161539
161543
161666
161981
162151
162323
162343
162445
162448
162470
162661
162735
162836
162944
162984
163001
163040
163168
163196
163220
163438
163554
163762
163764
163853
164028
164174
164228
164249
164267
164282
164300
164332
164345
164402
164419
164421
164500
164532
164566
164738
164793
164798
164816
164839
164840
164993
165021
165021
165031
165180
165242
165404
165424
165625
165760
165850
165926
166054
166057
166185
166216
166221
166390
166423
166465
166499
166553
166718
166761
166987
167055
167083
167092
167101
167186
167275
167413
167573
167573
167793
167910
167981
168052
168066
168385
168393
168419
168446
168447
168483
168777
168783
168858
168867
168884
168954
168972
169018
169044
169074
169131
169582
169631
169670
169826
169857
169906
169916
169925
169999
170089
170308
170470
170630
170674
170773
170861
170865
170871
170942
171052
171218
171396
171460
171522
171573
171660
171739
171867
171911
172007
172312
172323
172441
172458
172467
172496
172601
172670
172720
172735
172862
172955
173053
173096
173126
173140
173522
173837
173839
173919
173946
173951
173998
174202
174259
174261
174433
174457
174569
174607
174661
174663
174682
174823
174847
174940
175071
175269
175310
175340
175436
175507
175528
175583
175599
175657
175820
175822
175853
175915
175915
175919
176017
176132
176183
176293
176317
176505
176629
176649
176755
176807
176810
177023
177430
177651
177883
177892
177913
178015
178035
178116
178118
178123
178195
178274
178316
178341
178441
178541
178580
178595
178618
178684
178716
178753
178957
179095
179186
179219
179387
179425
179465
179733
179741
179786
179807
180238
180242
180298
180305
180339
180709
180720
180726
180758
181123
181186
181194
181377
181449
181625
181745
181902
181954
182039
182043
182104
182299
182374
182423
182636
182671
182849
182857
182999
183035
183053
183097
183249
183300
183356
183369
183392
183415
183439
183440
183502
183505
183678
183941
183948
183995
184075
184381
184549
184668
184780
184790
184888
184975
184981
185151
185225
185226
185229
185420
185440
185451
185498
185553
185557
185582
185670
185685
185685
185687
185707
185745
185813
185852
185914
185994
186038
186052
186225
186353
186375
186517
186534
186633
186980
187247
187265
187321
187394
187460
187520
187583
187601
187626
187769
187990
188002
188022
188027
188059
188125
188129
188150
188237
188283
188336
188451
188531
188566
188735
188954
189101
189199
189232
189361
189450
189475
189486
189638
189834
189973
190128
190225
190258
190452
190519
190657
190724
190747
191061
191083
191094
191154
191234
191255
191352
191408
191414
191476
191502
191554
191866
192152
192261
192423
192485
192504
192536
192734
192854
192867
193034
193184
193310
193326
193512
193804
193873
193878
193964
194067
194291
194352
194478
194528
194620
194631
194919
195043
195070
195190
195329
195452
195469
195478
195560
195698
195768
196085
196218
196417
196525
196532
196536
196540
196552
196674
196826
196986
197003
197083
197090
197212
197234
197235
197274
197310
197419
197614
197685
197945
197969
198076
198234
198384
198494
198506
198531
198572
198637
198745
198800
198861
199028
199046
199060
199129
199247
199377
199379
199440
199497
199517
199542
199584
199600
199647
199656
199658
199751
199889
199920
200022
200385
200393
200502
200690
200701
200795
200966
201102
201164
201220
201313
201335
201446
201506
201550
201582
201615
201730
201784
201823
201870
201910
201949
201970
202108
202136
202160
202371
202626
202725
202814
202899
203074
203257
203367
203398
203571
203600
203657
203818
203903
203922
203941
203981
204050
204064
204279
204335
204351
204444
204473
204487
204536
204570
204640
204684
205110
205202
205237
205313
205437
205737
205828
205876
205881
205898
205957
205986
206032
206244
206555
206628
206637
206700
206824
207003
207030
207059
207079
207088
207262
207327
207438
207579
207609
207618
207650
207663
208006
208064
208069
208138
208269
208337
208434
208599
208804
208844
208987
209010
209052
209172
209234
209274
209375
209429
209524
209529
209624
209646
209758
209882
209898
209953
210010
210423
210616
210623
210750
210782
210822
210863
210929
210945
211043
211075
211076
211115
211238
211278
211398
211428
211534
211868
211979
212144
212185
212403
212472
212682
212751
212832
212881
213102
213197
213216
213247
213265
213307
213416
213445
213463
213484
213529
213653
213732
213762
213770
213853
213860
214041
214271
214278
214566
214623
214753
214830
214954
215081
215085
215097
215150
215200
215412
215418
215680
215815
215816
215890
216008
216031
216056
216157
216271
216307
216324
216368
216448
216466
216562
216716
216738
216859
216912
217002
217108
217232
217451
217530
217657
217666
217717
217764
217775
217777
217803
217870
217934
218033
218367
218447
218447
218467
218542
218609
218674
218686
218715
218815
218883
218929
218981
218996
218998
219029
219191
219465
219854
220043
220099
220170
220177
220224
220245
220278
220551
220553
220620
220692
221150
221183
221196
221334
221432
221466
221547
221557
221602
221784
221838
221847
221933
221950
221977
222035
222381
222672
222689
222719
222958
222965
223126
223226
223316
223512
223552
223736
223916
224111
224121
224233
224367
224442
224656
224679
224745
224818
224876
224940
224945
225043
225318
225319
225687
225861
225862
226138
226178
226208
226226
226339
226834
227190
227319
227356
227453
227463
227543
227679
227868
227878
228044
228124
228157
228222
228228
228306
228531
228564
229029
229122
229143
229242
229293
229358
229413
229435
229447
229589
229590
229634
230163
230376
230597
230652
230815
230840
230876
231030
231084
231222
231225
231232
231314
231747
231776
231793
231802
231938
231993
232045
232174
232201
232205
232543
232722
232789
232882
232919
232953
233030
233240
233412
233427
233498
233518
233739
233758
233969
234042
234051
234054
234187
234221
234321
234448
234529
234589
234638
234789
234825
234932
235309
235346
235401
235877
235936
235977
236050
236089
236243
236463
236487
236713
236828
236873
236879
236991
237062
237069
237115
237146
237170
237199
237263
237276
237406
237422
237506
237603
237640
237654
237758
237777
237783
237823
237888
237901
237933
237972
238027
238110
238262
238359
238467
238902
239031
239046
239059
239274
239541
239552
239575
239628
239661
239739
239853
239854
240304
240397
240462
240478
240526
240761
240841
240997
241011
241181
241274
241403
241538
241653
241805
242018
242305
242310
242379
242397
242539
242554
242554
242793
242845
242985
243066
243072
243097
243355
243469
243572
243667
243738
243798
243817
243835
243915
244065
244115
244394
244411
244489
244613
244639
244649
244707
244829
244976
245008
245050
245075
245331
245558
245594
245648
245706
246054
246092
246127
246268
246318
246337
246463
246660
246724
246817
247133
247313
247606
247686
247690
247766
247794
247839
248095
248117
248138
248162
248186
248202
248209
248236
248329
248331
248458
248601
248646
248652
248729
248760
248797
248814
249153
249157
249399
249507
249535
249641
249661
249903
249930
249952
250031
250062
250066
250106
250332
250338
250508
250579
250731
250775
250792
250871
251075
251197
251198
251325
251336
251550
251704
251728
251978
252022
252207
252239
252293
252556
252568
252654
252682
252763
252839
253111
253350
253360
253405
253438
253509
253546
253615
253780
253932
254020
254084
254193
254212
254233
254340
254439
254456
254502
254625
254653
254667
254668
254836
254878
254901
254978
254982
255005
255014
255022
255153
255226
255344
255357
255740
255798
255799
255817
256078
256115
256119
256149
256677
256684
256687
256820
256838
256915
256946
257047
257089
257098
257129
257194
257284
257314
257327
257329
257584
257736
257737
257829
257935
257935
258696
258764
258998
258999
259028
259265
259267
259267
259295
259427
259597
259777
259825
259933
260025
260047
260438
260557
260592
260607
260687
260693
260697
260712
260901
261222
261229
261378
261488
261515
261535
261728
261888
261967
262024
262025
262107
262214
262278
262438
262525
262597
262806
262960
263030
263159
263397
263442
263541
263563
263579
263615
263805
263815
263872
263887
263914
264378
264435
264656
264812
264850
264856
264882
264891
264927
265075
265118
265135
265237
265457
265479
265540
265640
265784
265820
265840
265980
266076
266102
266137
266170
266300
266412
266553
266692
266733
266823
266829
266842
266926
266926
266945
266969
267088
267203
267224
267270
267558
267573
267700
267748
267807
267995
268018
268076
268163
268189
268284
268386
268455
268486
268574
268576
268792
268889
268920
268988
269117
269217
269332
269451
269700
269734
269777
269784
270117
270168
270173
270222
270342
270359
270498
270509
270576
270579
270589
270726
270762
270837
270931
270958
271098
271340
271399
271412
271430
271627
271709
271717
271769
271910
271917
271929
272006
272029
272174
272448
272647
272783
272873
272877
272877
272894
272921
272926
273010
273075
273080
273255
273266
273326
273347
273444
273490
273756
273785
273840
274034
274129
274167
274258
274292
274320
274382
274423
274518
274637
274690
274699
274742
274825
274857
274971
274986
275224
275234
275711
275801
275852
275868
275891
276010
276127
276204
276307
276335
276390
276416
276558
276730
276872
276969
277030
277041
277119
277240
277322
277363
277372
277431
277574
277577
277580
277601
277639
277651
277779
277784
277868
277929
278059
278102
278158
278161
278188
278193
278257
278275
278421
278428
278457
279003
279117
279218
279234
279481
279869
279881
280059
280107
280178
280235
280376
280437
280574
280619
280976
281032
281055
281110
281140
281163
281223
281297
281301
281744
281752
281819
282030
282252
282284
282327
282531
282547
282579
282600
282622
282679
282728
282742
282818
282842
283035
283037
283136
283150
283153
283162
283180
283387
283443
283782
283809
283927
284029
284041
284042
284157
284167
284223
284228
284267
284278
284368
284442
284539
284717
284723
284744
284851
284985
285519
285575
285597
285655
285712
285924
286088
286208
286563
286696
286718
286736
286743
286746
286760
286798
286942
287031
287078
287085
287099
287107
287466
287543
287588
287790
287804
287903
287917
287936
287956
288093
288105
288114
288226
288239
288359
288452
288453
288497
288547
288865
288902
289033
289129
289423
289465
289482
289537
289549
289556
289655
289732
289748
289772
289796
289844
289886
289916
289980
290008
290112
290143
290255
290456
290471
290507
290598
290732
290803
290823
290845
290887
291075
291079
291129
291231
291284
291348
291440
291451
291583
291649
291738
291786
291908
291913
291999
292052
292351
292419
292443
292492
292660
292713
292851
292855
293058
293383
293427
293445
293543
293809
294071
294116
294309
294408
294415
294472
294506
294541
294619
294738
294773
294828
294867
295024
295036
295102
295242
295469
295575
295744
295781
295943
295995
296024
296485
296666
296918
297166
297205
297213
297236
297319
297336
297384
297498
297503
297540
297611
297722
297910
298208
298404
298458
298653
298672
299014
299025
299114
299149
299299
299331
299364
299394
299395
299615
299629
299644
299845
299846
299983
300014
300285
300285
300287
300302
300317
300367
300572
300602
300679
300807
300886
300940
300952
300959
301197
301241
301428
301521
301637
301719
301722
302145
302245
302303
302306
302330
302351
302389
302404
302488
302489
302519
302525
302560
302809
302921
303023
303066
303076
303165
303275
303301
303344
303510
303553
303612
303644
303744
303756
303792
303857
303883
303918
303995
304029
304074
304251
304382
304549
304630
304697
304722
304760
304885
304947
305001
305023
305083
305086
305114
305294
305396
305450
305563
305634
305699
305775
305868
306099
306212
306266
306322
306377
306392
306411
306448
306628
306756
306780
306823
307027
307096
307139
307155
307207
307223
307276
307307
307468
307483
307486
307552
307971
308008
308023
308101
308126
308150
308239
308386
308395
308448
308456
308477
308543
308588
308676
308755
308786
308832
308837
308953
309021
309033
309075
309103
309207
309314
309359
309478
309758
309800
309901
310119
310282
310534
310564
310621
310732
310895
310900
311050
311077
311096
311121
311327
311383
311424
311527
311565
311747
311764
311775
311950
312016
312121
312193
312302
312356
312440
312489
312662
312808
312845
312931
312934
313008
313069
313153
313156
313186
313395
313526
313568
313735
313914
314015
314048
314126
314220
314252
314363
314390
314416
314419
314566
314591
314598
314727
314785
314883
314907
314928
315003
315113
315249
315384
315465
315573
315585
315595
315709
315712
315827
315884
315950
315975
315983
316041
316107
316187
316189
316203
316224
316273
316282
316312
316360
316369
316399
316511
316552
316790
316817
317018
317030
317179
317463
317896
317905
318174
318241
318264
318289
318490
318563
318581
318590
318666
318745
318801
318859
318906
318931
319102
319216
319383
319502
319609
319821
320022
320119
320305
320393
320595
320625
320786
320801
320826
320873
320971
321004
321033
321077
321091
321149
321150
321168
321339
321353
321452
321505
321507
321616
321647
321659
321844
321925
321960
322053
322084
322098
322126
322178
322248
322249
322307
322332
322470
322573
322695
322715
322816
322902
323034
323159
323181
323208
323332
323366
323381
323400
323451
323466
323469
323472
323512
323631
323685
323691
323787
323847
323930
323942
323998
324015
324431
324632
324632
324924
324964
325044
325058
325067
325238
325341
325503
325534
325604
325613
325716
325774
325782
325806
325844
325917
325966
326019
326236
326319
326398
326402
326553
326829
326883
327013
327113
327430
327669
327815
327903
327925
327973
328008
328106
328134
328199
328280
328292
328316
328604
328681
328737
328788
328862
328954
328977
329084
329137
329403
329478
329560
329614
329712
329760
329763
330085
330206
330317
330349
330443
330490
330830
330831
330985
331266
331326
331397
331523
331558
331591
331841
331939
332011
332035
332075
332086
332309
332397
332448
332483
332686
332735
332838
332869
332903
333191
333229
333243
333265
333276
333357
333484
333526
333646
333681
333762
333870
333960
333972
334069
334073
334137
334247
334283
334303
334312
334368
334396
334403
334406
334510
334654
334730
334853
334942
335080
335175
335323
335469
335546
335643
335686
335689
335786
335820
335900
336082
336103
336112
336188
336221
336366
336440
336449
336546
336673
336709
336725
336788
337110
337210
337272
337310
337322
337355
337453
337466
337593
337723
337758
337767
337969
338014
338043
338065
338129
338330
338403
338407
338483
338630
338659
338708
339083
339099
339135
339389
339443
339534
339650
339679
339702
339758
339774
339873
340008
340042
340058
340075
340309
340709
340805
340844
340948
340953
340986
341145
341253
341255
341320
341493
341515
341532
341569
341628
341678
341850
341871
341933
341977
342045
342092
342163
342461
342502
342532
342601
342605
342617
342796
342873
342920
342961
343024
343056
343223
343617
343702
343767
343777
343824
343909
343959
344087
344144
344147
344285
344672
344885
344909
344933
344942
345074
345128
345329
345375
345501
345545
345614
345818
345875
345898
345968
346002
346097
346280
346312
346319
346343
346434
346533
346572
346676
346696
346786
346890
347032
347229
347276
347385
347459
347517
347557
347729
347824
347853
347864
347968
348046
348208
348240
348363
348488
348495
348496
348713
348724
348754
348757
348941
349023
349051
349067
349098
349300
349385
349440
349456
349472
349541
349596
349761
349880
349885
349901
350012
350030
350038
350196
350284
350348
350356
350360
350464
350473
350511
350593
350595
350679
350979
351241
351247
351514
351791
351983
352015
352020
352270
352344
352529
352572
352799
352919
352998
353080
353354
353392
353414
353440
353536
353589
353675
353880
353989
354010
354048
354203
354216
354232
354329
354389
354633
354799
354878
354897
355116
355204
355226
355235
355395
355433
355593
355674
355709
355768
355778
356036
356144
356240
356378
356433
356468
356513
356746
356795
356952
357056
357198
357209
357370
357386
357489
357529
357566
357850
357900
357902
358117
358126
358289
358378
358384
358395
358400
358504
358685
358758
358779
358849
358868
358900
358905
358992
359043
359153
359186
359247
359379
359402
359943
360220
360373
360599
360617
360716
360829
361154
361195
361249
361255
361380
361499
361545
361645
361842
362303
362502
362510
362721
362760
362789
362801
362808
362857
362862
362882
363018
363144
363194
363260
363333
363414
363430
363534
363559
363631
363731
363862
363973
364023
364113
364280
364298
364423
364499
364501
364638
364756
364870
364882
364896
364906
364916
365219
365246
365420
365472
365752
365899
365908
366026
366047
366176
366487
366718
366780
366804
366985
366986
367085
367119
367160
367210
367380
367615
367656
367673
367797
367917
367997
368142
368288
368469
368770
368903
369108
369131
369238
369360
369379
369476
369531
369714
369769
369809
369917
370032
370103
370115
370140
370428
370498
370528
370607
370888
370894
371007
371034
371056
371156
371202
371217
371260
371303
371342
371413
371596
371676
371708
371749
371807
371986
372139
372145
372305
372547
372564
372597
372600
372828
372944
373011
373055
373066
373166
373413
373497
373509
373535
373571
373676
373711
373766
373908
374124
374130
374297
374333
374437
374598
374671
374729
374780
374812
374879
374894
375134
375164
375394
375398
375474
375526
375579
375624
375680
375751
375759
375786
375932
375950
376054
376091
376136
376155
376623
376928
377042
377318
377452
377565
377714
377781
377840
377919
378060
378208
378290
378324
378574
378657
378761
378780
378909
379025
379076
379135
379185
379291
379398
379398
379502
379549
379597
379678
379812
379902
380028
380053
380078
380164
380169
380170
380233
380247
380271
380337
380367
380375
380380
380734
380802
380929
380964
381088
381146
381171
381227
381239
381240
381306
381348
381420
381432
381549
381593
381668
381812
381953
382039
382078
382419
382463
382502
382591
382596
382616
382754
382800
382837
382990
382995
383024
383048
383150
383160
383167
383281
383442
383468
383502
383580
383610
383630
383683
383954
384257
384308
384353
384401
384405
384437
384497
384600
384602
384620
384624
384714
384716
384894
385229
385555
385648
385900
386027
386078
386142
386309
386406
386427
386477
386569
386597
386639
386943
386971
387182
387197
387267
387386
387413
387510
387516
387635
387638
387787
387858
387882
387895
387898
387971
387991
388066
388182
388403
388403
388456
388687
388794
388804
388980
389251
389290
389290
389397
389423
389499
389522
389579
389673
389678
389679
389766
389895
390051
390076
390277
390325
390361
390403
390530
390557
390610
390687
390728
390800
390833
390834
390936
390976
391156
391169
391204
391614
391809
391925
391925
391989
392157
392214
392237
392315
392436
392454
392568
392575
392597
392679
392769
392926
393198
393276
393281
393363
393420
393488
393490
393527
393605
393641
393653
393718
393719
393729
393792
393876
393917
393949
394088
394102
394237
394488
394526
394912
394912
394915
394953
395092
395120
395230
395241
395262
395269
395295
395301
395364
395396
395586
395590
395640
395648
395655
395669
395732
395737
395780
396076
396099
396138
396325
396479
396603
396748
396756
396836
396853
396956
397066
397114
397221
397265
397312
397398
397419
397505
397512
397575
397596
397785
397859
397981
398061
398177
398250
398292
398293
398306
398331
398336
398450
398469
398485
398485
398640
398740
398783
398872
398947
399104
399245
399258
399303
399376
399463
399560
399733
399850
399903
400025
400072
400121
400341
400689
400741
400940
400966
401162
401419
401459
401495
401573
401577
401632
401978
402043
402075
402144
402221
402283
402355
402449
402660
402713
402836
402874
402920
403221
403299
403342
403393
403454
403606
403667
403836
403988
404008
404302
404350
404468
404520
404543
404617
404634
404726
404731
404882
404966
404985
405132
405136
405289
405354
405552
405653
405659
405670
405747
405852
405922
406002
406023
406043
406093
406329
406338
406474
406600
406678
406710
406844
407125
407236
407272
407424
407435
407438
407538
407595
407803
408019
408143
408298
408315
408548
408641
408673
408943
408980
409308
409459
409646
409668
409750
409794
409890
409927
410068
410226
410379
410477
410542
410642
410817
410873
410894
411021
411110
411330
411463
411536
411551
411685
411746
411916
412075
412159
412270
412347
412404
412405
412716
412943
413005
413099
413282
413296
413729
413852
413930
414014
414037
414073
414115
414209
414222
414282
414318
414431
414782
414846
414960
415036
415103
415111
415145
415256
415262
415395
415418
415428
415555
415740
415818
415861
415865
415870
415870
416065
416141
416293
416304
416332
416334
416379
416573
416592
416598
416671
416698
416775
416810
416882
416991
417016
417056
417087
417218
417397
417454
417811
417940
417951
417981
418166
418255
418294
418357
418437
418488
418655
418727
418741
418750
418810
418949
419020
419247
419247
419333
419336
419557
419734
419781
419792
419846
420072
420117
420369
420398
420401
420514
420648
420652
420943
420952
421096
421134
421244
421301
421547
421721
421764
422169
422242
422402
422472
422620
422739
422865
423169
423179
423306
423469
423541
423549
423584
423684
423732
423834
423864
423964
423995
424051
424148
424199
424295
424344
424424
424465
424596
424608
424629
424785
424794
424856
424874
425095
425095
425124
425166
425166
425212
425242
425426
425524
425525
425590
425706
425763
425794
425813
425889
426016
426027
426177
426201
426270
426281
426348
426463
426503
426713
426758
427129
427154
427186
427457
427569
427765
427772
427838
428065
428135
428174
428189
428234
428450
428540
428625
428646
428788
428976
429026
429345
429496
429649
429781
429878
430022
430082
430251
430340
430410
430635
430665
430674
430690
430692
430802
430876
430886
431117
431413
431503
431544
431628
431664
431778
431798
431846
431866
431937
432081
432092
432132
432143
432333
432394
432441
432590
432717
433003
433073
433097
433168
433182
433296
433315
433332
433380
433494
433566
433774
433818
433863
433872
433905
433935
434045
434298
434642
434642
434644
434806
434834
434870
434945
434945
435018
435105
435141
435230
435316
435348
435571
435578
435607
435794
435930
436012
436104
436223
436708
436721
436790
436802
436830
436836
437020
437021
437154
437357
437437
437457
437490
437491
437503
437552
437801
437831
437950
438209
438335
438418
438530
438541
438591
438672
438681
438931
438988
439119
439161
439177
439325
439370
439471
439690
439702
439739
439762
440181
440256
440269
440629
440729
440730
440885
440992
441014
441092
441094
441286
441299
441317
441384
441564
441577
441590
441986
442108
442262
442413
442478
442534
442724
442967
443010
443033
443088
443091
443159
443182
443191
443398
443437
443559
443647
443759
443829
443896
444036
444096
444163
444173
444270
444271
444297
444367
444540
444600
444605
444717
445012
445202
445223
445323
445486
445503
445516
445604
445641
446121
446675
446750
446857
446909
446986
447004
447011
447024
447050
447096
447269
447277
447333
447412
447665
447673
447676
447843
447856
447931
447968
448052
448109
448114
448115
448137
448220
448297
448440
448513
448574
448614
448690
448735
448777
448780
448840
449212
449224
449331
449421
449495
449594
449881
449981
450248
450280
450327
450340
450416
450429
450449
450689
450706
450762
450806
450835
450900
450947
451196
451224
451333
451799
451848
452350
452395
452460
452564
452605
452633
452636
452747
452809
452816
452858
453115
453127
453156
453250
453449
453533
453550
453612
453730
453789
453789
453859
453868
453920
454058
454127
454136
454171
454399
454633
454792
454889
454908
455388
455587
455632
455666
455803
456076
456111
456129
456304
456431
456583
456682
456708
456803
456810
456952
457018
457036
457179
457374
457485
457592
457592
457602
457704
457718
457952
458165
458189
458207
458560
458566
458628
458632
458733
458870
458943
458999
459140
459231
459324
459345
459347
459474
459478
459613
459628
459735
459740
459749
460045
460125
460193
460336
460378
460396
460410
460492
460584
460651
460711
460721
460826
461030
461050
461053
461055
461157
461202
461264
461524
461528
461607
461681
461704
461782
461818
461869
462006
462041
462070
462185
462292
462356
462368
462422
462574
462580
462650
462700
462765
462798
462812
462873
462939
462988
463176
463279
463464
464217
464359
464569
464638
464740
465124
465230
465298
465305
465411
465443
465501
465600
465634
465679
465702
465984
466082
466511
466554
466686
466765
466799
466894
466916
467194
467204
467332
467337
467349
467447
467474
467560
467629
467665
467842
467844
467971
468020
468116
468123
468386
468441
468453
468470
468522
468587
468631
468638
468728
468828
468891
468967
469184
469236
469303
469316
469340
469355
469423
469447
469544
469544
469553
469577
469579
469672
469672
469821
469837
469965
470131
470317
470551
470662
470740
470968
470995
471019
471053
471076
471185
471219
471262
471498
471568
471874
471963
471972
471981
472040
472135
472205
472829
472863
472925
473272
473350
473614
473662
473760
473926
474021
474108
474134
474198
474251
474284
474419
474451
474487
474512
474628
474733
474778
475025
475071
475130
475190
475282
475364
475436
475551
475632
475655
475719
475947
475994
476073
476199
476412
476796
476839
476848
476877
477175
477218
477342
477465
477501
477547
477591
477622
477622
477718
477753
477766
477886
477962
477976
478050
478094
478185
478197
478225
478294
478384
478435
478449
478488
478490
478555
478566
478681
478693
478695
478763
478767
478836
479060
479197
479247
479252
479350
479357
479371
479419
479468
479501
479753
479840
479840
479862
479863
479891
480227
480401
480417
480444
480516
480517
480526
480819
481026
481097
481144
481172
481323
481845
481933
481943
482017
482041
482052
482102
482264
482338
482377
482536
482747
482774
482785
482918
482963
483065
483178
483587
483708
483752
483821
483966
484006
484025
484033
484123
484215
484273
484331
484362
484456
484502
484650
484954
485064
485075
485330
485397
485561
485581
485699
486063
486101
486142
486387
486563
486624
486676
486711
486752
486876
486957
487307
487444
487503
487554
487582
487822
487923
487949
488272
488388
488606
488942
489219
489499
489535
489567
489628
489655
489792
489825
489967
490106
490124
490211
490256
490324
490377
490394
490570
490609
490704
490781
490804
490845
490851
491094
491184
491302
491833
491964
492088
492132
492212
492260
492299
492390
492645
492743
492784
493073
493183
493250
493300
493397
493425
493498
493653
493667
493720
493933
494009
494022
494131
494234
494397
494503
494856
494909
494947
494966
494997
495034
495183
495300
495378
495445
495521
495627
495698
495764
495912
496014
496032
496042
496084
496202
496294
496315
496342
496375
496705
496909
496911
496986
497188
497389
497532
497624
497740
497771
497901
497903
498102
498166
498183
498498
498642
498709
498737
498769
498983
499085
499193
499365
499424
499433
499513
499515
499558
499690
499844
499845
499984
500371
500440
500472
500536
500561
500607
500628
500650
500703
500875
500965
501068
501129
501160
501273
501402
501457
501691
501693
501745
501888
502030
502034
502073
502098
502153
502161
502252
502281
502445
502466
502566
502637
502637
502749
502921
502961
503039
503182
503280
503342
503442
503463
503610
503666
503777
503860
503927
503963
504032
504053
504108
504280
504323
504351
504398
504408
504455
504625
504626
504678
504739
504771
504899
504949
504951
505035
505052
505061
505072
505173
505503
505519
505627
505745
505755
505786
505822
505934
506024
506036
506225
506309
506399
506457
506536
506541
506616
506860
507033
507038
507070
507134
507430
507651
507904
507921
508092
508174
508218
508264
508316
508446
508577
508615
508644
508809
508856
508932
508984
509005
509078
509177
509250
509341
509451
509558
509651
509695
509730
509747
509833
509842
509868
509950
509962
510053
510066
510183
510288
510332
510339
510359
510470
510510
510916
510962
511082
511189
511202
511203
511475
511629
511646
511666
511695
511753
512062
512133
512274
512571
512809
513053
513063
513114
513712
513936
514144
514169
514354
514372
514422
514693
514772
515037
515133
515144
515279
515376
515406
515447
515453
515509
515620
515682
515754
515894
515901
516106
516275
516311
516430
516455
516461
516519
516539
516698
516846
516877
516926
517022
517054
517107
517130
517215
517222
517233
517313
517343
517500
517633
517672
517681
517719
517805
517807
517941
517989
518053
518112
518117
518148
518154
518167
518205
518228
518397
518500
518629
518732
518787
518939
518998
519011
519104
519187
519309
519391
519424
519652
519723
519755
519857
519863
519933
519987
520040
520095
520284
520321
520381
520501
520558
520561
520597
520630
520672
520825
520849
520887
521001
521118
521145
521181
521322
521375
521381
521444
521487
521582
521610
521659
521825
521839
521855
521902
522241
522524
522868
522926
522976
522991
523121
523351
523501
523502
523549
523753
524159
524267
524456
524490
524615
524675
524709
524724
524787
524794
524803
524806
524863
524928
524982
524996
525057
525268
525285
525393
525501
525561
525662
525681
525690
525698
525785
525796
525822
525860
526028
526132
526361
526569
526665
526735
526738
527087
527131
527135
527166
527256
527469
527495
527630
527677
527807
527819
527845
527930
528234
528261
528452
528572
528628
528995
529009
529050
529051
529077
529323
529360
529478
529480
529514
529533
529550
529724
529809
529923
530090
530095
530124
530192
530491
530508
530537
530639
530722
530855
530857
530875
530931
531019
531107
531276
531290
531314
531322
531334
531615
531924
531971
531993
532136
532285
532450
532516
532535
532610
532671
532792
532959
532971
533330
533334
533349
533375
533393
533591
533602
533633
534033
534114
534129
534353
534442
534709
534809
534812
534932
534987
535094
535278
535358
535434
535587
535614
535657
535730
535758
535911
535928
536009
536331
536353
536500
536554
536854
536876
537017
537018
537081
537214
537285
537511
537622
537631
537654
537681
537828
537859
537913
537918
537969
537994
538154
538320
538383
538410
538512
538647
538870
538909
538946
538991
539211
539328
539402
539420
539501
539583
539853
539979
540018
540071
540074
540194
540262
540275
540367
540465
540667
540733
540843
541092
541180
541236
541283
541300
541362
541363
541697
541702
541831
541872
541961
542033
542200
542289
542310
542370
542549
542705
542762
542781
542873
542971
543031
543208
543260
543266
543329
543436
543475
543495
543520
543538
543626
543636
543697
543986
544150
544292
544357
544460
544503
544715
544881
545038
545046
545054
545347
545393
545403
545469
545682
545979
546089
546095
546239
546243
546251
546412
546472
546781
546968
547051
547103
547116
547329
547420
547447
547520
547744
547799
547812
547978
548086
548314
548374
548384
548541
548742
548760
548834
548873
549039
549112
549334
549657
549724
549735
549757
549760
549760
549803
550317
550323
550338
550387
550449
550455
550564
550711
550737
550753
550880
551007
551027
551075
551225
551312
551682
551767
551869
551905
551914
552082
552137
552383
552383
552660
552717
552790
552871
552871
552895
552981
553177
553220
553221
553318
553384
553420
553489
553524
553575
553692
553694
553813
553823
553835
553943
553952
554102
554171
554321
554361
554374
554503
554632
554748
554787
554903
555134
555170
555189
555207
555228
555536
555656
555687
555806
555897
555959
556022
556082
556089
556512
556632
556637
556920
556944
557072
557302
557349
557378
557390
557440
557460
557462
557504
557533
557583
557594
557623
557684
557705
557769
558098
558120
558147
558190
558263
558263
558274
558322
558381
558394
558440
558608
558990
559094
559096
559196
559233
559240
559313
559361
559428
559470
559617
559655
559677
559752
559826
559854
559858
559923
560114
560256
560257
560316
560632
560946
560995
561086
561186
561250
561284
561381
561587
561685
561860
561875
561902
561914
561947
562168
562214
562287
562458
562483
562544
562587
562593
562614
562625
562671
562783
562804
562810
563235
563368
563374
563411
563427
563460
563465
563535
563673
563704
563727
563854
563921
563980
564134
564204
564206
564290
564362
564362
564438
564618
564657
565024
565031
565109
565115
565203
565369
565450
565626
565708
565774
565864
565941
565990
566149
566195
566268
566344
566457
566497
566587
566665
566709
566745
566762
566865
567170
567297
567307
567419
567690
567760
567765
567892
567952
567983
568373
568779
568872
568885
568974
569044
569171
569179
569205
569272
569571
569654
569943
570207
570237
570259
570445
570532
570553
570564
570778
570792
570910
571003
571147
571160
571200
571227
571233
571261
571431
571543
571595
571622
571842
571862
571863
571963
572150
572155
572172
572293
572338
572366
572461
572560
572725
572730
572925
572928
572948
573076
573088
573089
573170
573227
573310
573375
573403
573559
573562
573777
573777
573982
574053
574107
574155
574232
574302
574524
575053
575174
575328
575489
575753
575853
575877
575955
576203
576204
576219
576348
576404
576432
576519
576523
576563
576581
576776
576845
577101
577157
577362
577383
577455
577650
577739
577781
577814
577844
577979
578005
578059
578062
578246
578267
578306
578317
578351
578534
578625
579016
579242
579297
579326
579378
579383
579496
579532
579556
579591
579714
579792
579840
579964
580161
580320
580350
580401
580427
580479
580500
580638
580768
580790
580805
580825
580834
580994
581057
581128
581147
581147
581175
581257
581295
581336
581365
581412
581480
581594
581684
581704
581718
581862
581892
581899
581974
582103
582173
582244
582285
582402
582590
582633
582739
582868
582938
583128
583358
583414
583524
583847
584082
584272
584341
584456
584597
584750
584787
584885
584970
585026
585045
585164
585229
585241
585250
585297
585406
585417
585624
585675
585679
585695
585708
585741
585771
585806
585864
586108
586254
586370
586457
586558
586560
586585
586626
586796
586829
586838
586848
586920
587086
587125
587143
587262
587274
587316
587364
587457
587494
587531
587573
587646
587716
587736
587736
587938
588061
588098
588102
588170
588217
588306
588322
588671
588936
589162
589268
589317
589359
589398
589553
589586
589634
589654
589767
589847
589861
589910
590231
590365
590468
590584
591071
591149
591184
591299
591378
591401
591454
591459
591503
591653
591674
591763
591783
592046
592129
592259
592499
592598
592601
592629
592638
592667
592970
593002
593166
593190
593205
593214
593382
593468
593576
593857
594030
594075
594205
594218
594256
594336
594379
594641
594652
594668
594692
594707
594757
594846
594876
594936
594990
595178
595326
595623
595640
595669
595789
595816
595836
596127
596150
596183
596252
596384
596561
596674
596781
596866
596991
597059
597183
597203
597334
597352
597359
597675
597729
597738
597754
597810
597961
598093
598282
598337
598403
598597
598664
598862
598876
599083
599092
599120
599152
599189
599540
599604
599694
599747
600064
600084
600137
600216
600228
600411
600467
600765
600802
600834
601179
601208
601265
601396
601576
601608
601741
601811
601897
602015
602039
602133
602293
602408
602521
602528
602544
602582
602643
602723
602778
602780
603154
603162
603173
603195
603231
603240
603631
603633
603721
603722
603723
603860
603960
604013
604079
604145
604181
604254
604411
604423
604527
604538
604620
604720
604744
604746
604933
605311
605334
605411
605420
605508
605528
605575
605584
605585
605815
605818
605864
605892
606138
606148
606451
606469
606530
606564
606711
606898
606923
606940
606999
607118
607231
607377
607549
607572
607662
607707
607729
607883
608050
608072
608396
608761
608995
609046
609100
609230
609382
609493
609526
609533
609652
609883
609891
609893
609941
610050
610076
610432
610516
610536
610543
610610
610823
610844
610896
610936
611008
611045
611184
611259
611332
611435
611462
611572
611646
611783
611886
611931
611968
612059
612170
612250
612261
612448
612497
612501
612612
612701
612850
612906
612964
612993
613070
613081
613162
613163
613226
613264
613301
613321
613424
613519
613536
613722
613900
613964
613976
614150
614213
614218
614429
614439
614454
614512
614584
614694
614812
614924
614943
615007
615048
615285
615472
615616
615772
616204
616235
616289
616343
616428
616479
616521
616613
616837
616896
617014
617160
617253
617311
617455
617811
617896
617996
618031
618098
618295
618572
618685
618716
618747
618940
619024
619121
619204
619244
619314
619362
619382
619418
619443
619538
619539
619575
619707
619800
619826
619832
620031
620039
620054
620074
620094
620286
620888
620944
620965
621070
621081
621088
621606
621661
621893
621927
621991
622106
622143
622215
622227
622249
622269
622456
622644
622717
622963
623035
623049
623130
623212
623278
623356
623364
623486
623640
623704
623827
623851
623903
623904
623977
623999
624024
624085
624106
624161
624244
624345
624364
624579
624887
624898
624968
624980
625002
625194
625205
625263
625302
625414
625558
625616
625684
625711
625796
626085
626096
626129
626202
626226
626301
626304
626405
626580
626893
626961
626996
627016
627032
627347
627472
627728
627821
627863
627865
628021
628025
628071
628180
628280
628310
628312
628323
628341
628554
628583
628861
628984
628992
629049
629063
629224
629265
629276
629765
629789
629955
630013
630109
630120
630126
630310
630727
630791
630841
630952
631053
631236
631306
631351
631435
631566
631605
631682
631705
631757
631821
631843
631896
632049
632073
632244
632298
632307
632387
632415
632617
632641
632754
632797
632845
632914
633013
633073
633162
633168
633451
633480
633566
633575
633621
634001
634042
634237
634379
634625
634664
634677
634757
634842
634900
634982
635129
635248
635250
635282
635473
635862
635868
636058
636087
636383
636593
636794
636911
637198
637221
637277
637294
637345
637807
638049
638169
638281
638288
638378
638398
638560
638755
638848
638872
638938
638996
639066
639156
639200
639384
639387
639428
639433
639498
639769
640042
640099
640191
640271
640400
640408
640424
640522
640524
640645
640738
641330
641385
641410
641487
641554
641578
641746
641835
642280
642285
642517
642528
642616
642734
642969
643033
643148
643285
643454
643473
643587
643713
643714
643982
644055
644323
644394
644406
644549
644590
644626
644824
644950
644969
644980
645144
645191
645213
645373
645456
645492
645551
645609
645752
645828
645868
645936
646056
646174
646311
646333
646364
646468
646473
646481
646556
646559
646619
646686
646757
646780
646790
646803
646867
646876
646956
647007
647128
647368
647436
647597
647777
647805
647826
647855
647856
647864
647901
647991
648209
648279
648296
648339
648592
648684
648774
648790
648801
648976
649067
649425
649517
649674
649861
649945
649963
649971
650061
650529
650632
650720
650792
650859
650865
650880
650889
651080
651148
651160
651376
651380
651531
651569
651719
651776
651788
651873
651926
652197
652412
652845
652889
653140
653472
653475
653494
653508
653514
653592
653615
653644
653644
653646
653757
653778
653825
653936
653937
654221
654365
654394
654425
654442
654607
654615
654666
654695
654723
654750
654888
654948
655142
655274
655352
655426
655483
655547
655894
656150
656182
656287
656294
656316
656365
656471
656476
656481
656524
656570
656615
656728
656871
656889
656949
656957
656982
657103
657131
657141
657244
657391
657470
657542
657570
657772
658198
658245
658439
658501
658537
658921
658934
659052
659233
659238
659386
659403
659426
659539
659599
659876
659882
660078
660191
660337
660466
660485
660578
660630
660657
660849
661032
661043
661134
661229
661429
661447
661471
661554
661618
661701
661791
661855
661997
662112
662137
662169
662184
662255
662260
662293
662390
662555
662860
662880
662932
663003
663027
663071
663207
663324
663573
663639
663815
663845
663861
663893
664036
664084
664086
664100
664108
664111
664140
664143
664342
664440
664591
664720
664772
665010
665130
665140
665166
665284
665305
665420
665566
665587
665793
665830
665934
666218
666518
666658
666661
666678
666797
666808
667048
667109
667159
667245
667271
667291
667450
667498
667510
667520
667653
667745
667796
667879
668108
668283
668355
668420
668507
668725
668864
668980
668989
668995
669042
669128
669215
669295
669307
669388
669390
669462
669547
669549
669811
670044
670078
670094
670222
670251
670266
670297
670344
670369
670380
670594
670745
670785
670870
670883
670908
670919
670979
671027
671114
671219
671314
671428
671453
671518
671539
671565
671591
671733
671760
671871
671939
672080
672224
672250
672456
672546
672651
672717
672792
672962
673018
673063
673127
673141
673153
673156
673182
673206
673331
673583
673657
673670
673691
673703
673806
673826
673828
673885
673917
674066
674090
674252
674683
674833
675009
675035
675177
675372
675426
675456
675475
675516
676145
676150
676195
676271
676428
676452
676514
676524
676596
676622
676647
676790
676935
677015
677018
677039
677121
677391
677428
677490
677802
677832
678010
678014
678029
678124
678307
678400
678422
678478
678489
678532
678623
678686
678800
678888
679086
679272
679328
679330
679503
679506
679519
679606
679715
679882
680016
680383
680390
680430
680572
680578
680598
680624
680697
680704
680739
680818
680970
680998
681312
681332
681416
681436
681450
681464
681549
681713
681715
682015
682058
682061
682109
682155
682170
682281
682430
682477
682598
683009
683022
683124
683127
683195
683234
683234
683305
683334
683598
683604
683662
683829
683841
683857
683974
684041
684219
684380
684529
684616
684652
684845
684902
684997
685135
685145
685231
685250
685386
685427
685478
685592
685778
685809
685893
686008
686066
686101
686285
686304
686311
686411
686569
686685
686789
686797
687008
687215
687287
687299
687309
687316
687376
687389
687537
687596
687810
688239
688310
688323
688830
688841
688986
688989
689045
689097
689101
689113
689139
689168
689239
689302
689436
689496
689811
689993
690033
690046
690107
690476
690670
690818
690943
691146
691266
691591
691628
691719
691781
692090
692173
692176
692229
692230
692287
692348
692491
692501
692511
692583
692633
692875
692993
693127
693525
693621
693667
693700
693791
693864
693935
694109
694653
694659
694662
694750
694853
694888
694933
695080
695088
695111
695137
695144
695147
695282
695596
695627
695708
695725
695831
695854
695924
695953
696093
696158
696321
696502
696580
696650
696710
696726
696740
696816
696835
696992
697014
697039
697168
697170
697204
697304
697313
697433
697443
697504
697538
697541
697606
697718
697751
697789
697867
697941
698008
698044
698230
698351
698460
698497
698506
698894
698917
698993
698994
699184
699317
699954
700008
700225
700248
700283
700296
700333
700582
700637
700646
701069
701117
701416
701468
701682
701755
701789
701790
701808
701916
702330
702442
702679
702726
702856
702901
702918
703121
703202
703428
703448
703616
703847
703932
704016
704032
704057
704265
704271
704523
704559
704666
704734
704779
704875
704911
704959
705423
705607
705748
705811
705972
706070
706098
706119
706133
706167
706189
706343
706507
706517
706536
706753
706774
706845
706882
706913
707086
707103
707123
707374
707519
707663
707753
707779
707796
707922
707992
708019
708152
708347
708554
708849
708900
708912
709006
709256
709584
709596
709626
709702
709768
709779
709826
709830
709941
710047
710443
710480
710612
710638
710820
710871
710889
710940
710986
711050
711140
711381
711510
711537
711566
711663
711664
711688
711708
711765
711854
711914
712021
712130
712292
712299
712436
712465
712485
712510
712546
712813
713055
713079
713100
713115
713231
713242
713257
713293
713356
713486
713505
713516
713586
713862
713873
713986
714010
714053
714124
714137
714142
714405
714471
714568
714579
714789
714824
714996
715063
715080
715157
715174
715181
715237
715252
715308
715463
715484
715493
715530
715562
715602
715666
715829
715838
715857
715865
715964
716116
716185
716188
716242
716258
716360
716400
716604
716691
716763
716795
716944
717153
717190
717209
717468
717698
717703
717785
718213
718314
718332
718352
718426
718506
718558
718586
718663
718935
718963
719029
719055
719079
719166
719270
719420
719512
719561
719601
719605
719643
719707
719762
719851
720022
720071
720073
720242
720263
720341
720381
720491
720573
720577
720694
720921
720922
720952
720970
721075
721130
721277
721278
721514
721620
721621
721626
721712
721736
721788
721834
721972
722291
722305
722483
722678
722779
722802
722807
722909
722939
722995
723017
723037
723165
723244
723294
723357
723408
723501
723546
723634
723727
723805
723866
723930
724016
724141
724280
724324
724340
724386
724618
724637
724693
724845
724859
724882
724933
725200
725222
725309
725318
725400
725405
725426
725451
725614
725629
725652
725751
725827
725828
725976
725999
726004
726133
726204
726377
726406
726426
726472
726491
726838
726944
726972
727099
727106
727193
727459
727609
727641
727657
727696
727740
727860
727923
727955
728088
728109
728303
728348
728702
728810
728857
729009
729040
729059
729247
729373
729417
729438
729687
729947
730022
730023
730178
730232
730294
730316
730347
730354
730405
730426
730489
730595
730595
730677
730685
730789
730798
730929
730937
730951
730972
731012
731040
731067
731067
731087
731102
731369
731534
731720
731927
732114
732123
732197
732197
732214
732236
732309
732346
732489
732728
732743
732758
732817
732909
733010
733029
733064
733079
733084
733102
733111
733134
733176
733298
733539
733579
733646
733698
733719
733825
734005
734046
734062
734162
734191
734240
734314
734424
734501
734546
734723
734735
734791
734816
734911
735037
735177
735202
735498
735508
735549
735663
735790
735851
735903
735944
736018
736062
736084
736163
736169
736172
736181
736278
736397
736621
736671
736755
736808
737140
737257
737284
737585
737849
737929
737959
738210
738303
738426
738429
738480
738576
738606
738633
738695
738758
738792
738799
738886
738906
738985
738986
739031
739046
739094
739180
739195
739289
739322
739333
739433
739435
739597
739638
739648
739660
739733
739915
739994
740076
740078
740093
740375
740523
740700
740770
740793
740846
741039
741051
741080
741098
741158
741249
741558
741622
741875
741905
741930
742074
742164
742224
742233
742263
742266
742332
742775
742926
743084
743099
743188
743191
743276
743291
743562
743691
743797
744005
744123
744476
744530
744904
744962
745077
745190
745196
745220
745244
745431
745474
745798
745934
745956
746040
746047
746070
746258
746310
746335
746714
746758
746787
746887
747529
747579
747594
747671
747913
747936
747960
747964
748180
748319
748491
748510
748628
748628
748926
749070
749100
749129
749245
749363
749448
749640
749768
749808
749816
749911
749931
749969
750038
750050
750147
750148
750315
750507
750677
750715
750757
750811
750845
750939
751028
751278
751460
751466
751475
751567
751577
751801
751937
751991
752184
752258
752458
752584
752599
752605
752638
752756
752779
752800
752823
752919
753052
753067
753103
753176
753212
753274
753280
753642
753790
753817
753827
753861
753962
753964
753991
754059
754070
754102
754156
754172
754295
754376
754446
754456
754519
754550
754594
754611
754640
754651
754703
754754
754803
754817
754874
754968
755007
755027
755227
755259
755300
755309
755880
756211
756413
756469
756560
756568
756668
756746
756887
757074
757152
757196
757206
757480
757537
757603
757665
757722
757749
757772
757859
757869
758030
758080
758131
758328
758366
758461
758529
758600
758669
758711
758746
758801
758838
758908
759013
759054
759158
759388
759463
759518
759555
759679
759688
759749
759755
760104
760277
760381
760429
760438
760504
760583
760703
760704
760709
760798
760965
761054
761086
761091
761197
761481
761552
761628
762017
762427
762525
762669
762679
762736
762753
763249
763296
763357
763381
763409
763459
763462
763481
763657
763716
763915
764111
764265
764294
764421
764435
764513
764533
764578
764859
764998
765299
765300
765399
765589
765594
765645
765721
765729
765910
765979
766104
766284
766289
766319
766362
766390
766562
766752
766798
766840
766934
766979
767078
767094
767209
767302
767496
767701
767819
767832
768177
768340
768361
768373
768436
768501
768567
768636
768641
768670
768747
768750
768810
768826
768862
768875
768878
768879
768902
768903
769268
769391
769585
769917
769967
770203
770323
770331
770407
770515
770600
770657
771001
771130
771174
771189
771198
771348
771380
771519
771721
771793
771882
771920
772002
772025
772258
772267
772317
772387
772639
772691
772829
772882
772915
773058
773174
773438
773511
773620
773654
773707
773991
774104
774201
774229
774257
774646
774775
774835
774836
774883
774895
775031
775099
775134
775233
775255
775303
775329
775331
775433
775555
775562
775572
775593
775726
776000
776064
776083
776183
776206
776329
776425
776527
776712
776803
776874
776965
777043
777060
777297
777302
777625
777721
777880
777897
777964
778138
778170
778213
778352
778370
778395
778612
778681
778713
778739
778763
778765
778788
779103
779114
779129
779423
779614
779699
779829
780006
780154
780316
780442
780530
780567
780858
780905
781085
781088
781146
781199
781269
781472
781715
781758
781766
781795
781898
782018
782068
782298
782377
782593
782683
782844
782891
782983
783050
783253
783322
783521
783652
783678
783813
783969
783984
784042
784096
784167
784203
784210
784232
784233
784313
784330
784553
784648
784698
784727
784899
784910
784987
785050
785094
785124
785166
785313
785583
785633
785711
786039
786157
786292
786479
786516
786582
786584
786683
786757
786801
786819
787180
787256
787336
787355
787423
787444
787462
787617
787733
787806
787903
788128
788169
788263
788273
788344
788564
788575
788694
788744
788747
788858
788988
788999
789007
789062
789067
789093
789172
789199
789215
789303
789331
789340
789396
789436
789474
789552
789603
789838
790394
790444
790489
790668
790767
790872
790912
791371
791547
791565
791579
791757
791833
792047
792137
792346
792352
792400
792480
792500
792787
792809
792857
792888
793036
793087
793109
793166
793204
793218
793227
793382
793423
793460
793466
793593
793611
793623
793891
793914
794070
794155
794256
794282
794420
794452
794523
794649
794895
794945
795104
795115
795144
795151
795224
795296
795296
795367
795458
795488
795584
795677
795788
795825
795829
795843
795929
795939
795947
796117
796213
796230
796318
796452
796473
796686
796705
796712
796734
796765
796801
796947
796961
796984
797054
797072
797240
797314
797368
797472
797571
797684
797715
797729
797850
798011
798129
798155
798347
798357
798367
798434
798484
798517
798572
798897
798911
799004
799168
799199
799219
799257
799395
799555
799584
799629
799970
799992
800066
800114
800217
800490
800556
800705
800745
800749
801020
801032
801041
801044
801086
801197
801243
801346
801385
801448
801539
801634
801697
801820
801857
801921
802166
802168
802509
802595
802877
802888
802911
802986
803001
803138
803231
803251
803257
803318
803562
803609
803770
803803
804061
804179
804410
804513
804682
804799
804816
804857
804989
805043
805083
805204
805251
805354
805389
805593
805648
805749
805876
806027
806239
806250
806261
806315
806415
806455
806573
806609
806641
806807
806904
806921
807022
807338
807385
807425
807471
807472
807683
807716
807757
807827
808103
808202
808353
808355
808409
808433
808577
808687
808861
808915
808965
809551
809559
809631
809634
809662
809730
809787
809879
810097
810135
810200
810417
810585
810586
810672
810748
810822
810894
811046
811056
811212
811499
811571
811734
811912
811929
812011
812417
812457
812503
812507
812553
812595
812618
812680
812721
812842
812891
813005
813064
813249
813257
813268
813434
813594
813689
813850
813922
814379
814455
814566
814844
814906
815089
815092
815107
815146
815176
815193
815370
815394
815586
815908
815945
815952
816020
816175
816196
816254
816292
816443
816533
816565
816576
816859
816945
817029
817066
817504
817561
817653
817716
817717
817814
817843
817850
817991
818005
818058
818075
818138
818304
818389
818417
818530
818625
818639
818882
818905
819233
819279
819293
819375
819429
819471
819570
819597
819662
819821
819893
819935
819967
819985
819994
820076
820133
820163
820204
820319
820329
820369
820485
820524
820524
820701
820902
820908
820979
821030
821122
821251
821386
821395
821487
821535
821635
821668
821673
821702
821815
821906
822129
822300
822370
822433
822437
822489
822504
822683
822791
822822
822960
823295
823561
823860
823932
823992
824109
824198
824363
824431
824464
824497
824504
824803
824840
824963
824977
825134
825189
825207
825239
825371
825462
825597
825625
825642
825669
825754
826081
826253
826509
826584
826588
826624
826744
826910
827133
827171
827189
827248
827444
827706
827802
827882
827963
827995
828079
828215
828261
828412
828633
828668
828918
829043
829166
829263
829393
829430
829491
829573
829647
829655
829814
829917
830207
830217
830245
830277
830287
830301
830457
830513
830564
830599
830635
830789
830841
831221
831230
831422
831441
831564
831585
831646
831744
832030
832292
832445
832516
832590
832610
832689
832711
832772
832790
833094
833217
833279
833524
833587
833739
833787
834070
834123
834274
834364
834549
834728
834791
835115
835285
835285
835292
835399
835451
835484
835557
835617
835666
835668
835681
835733
835767
835774
835919
836117
836175
836347
836634
836749
837102
837161
837173
837315
837461
837582
837632
837648
837684
837706
837754
837784
837864
837869
838037
838086
838092
838141
838169
838211
838415
838514
838684
838795
838885
838967
839143
839256
839317
839362
839379
839389
839427
839475
839484
839523
839722
839821
840091
840133
840176
840182
840414
840426
840620
840649
840826
840854
840887
840910
840933
841154
841338
841351
841398
841586
841637
841808
841868
841918
841933
841975
842141
842180
842292
842329
842438
842715
842810
842861
842896
842906
842995
843058
843133
843419
843436
843444
843638
843743
843856
843876
844056
844172
844187
844245
844359
844538
844541
844583
844631
844921
845011
845031
845095
845348
845399
845427
845458
845638
845643
845858
845930
845932
846151
846201
846396
846465
846538
846545
846612
846622
846723
846811
846820
847021
847212
847387
847529
847531
847559
847678
847786
847809
847820
847986
848067
848257
848322
848337
848364
848367
848385
848395
848455
848616
848665
848850
848881
848905
848976
849033
849041
849124
849142
849161
849174
849221
849302
849398
849454
849478
849534
849569
849692
849730
849895
849972
849975
850178
850198
850264
850265
850357
850388
850468
850469
850565
850603
850606
850654
850677
850690
850730
850755
850895
850927
850989
850995
851030
851077
851197
851232
851246
851337
851469
851469
851575
851684
851807
851817
851971
852401
852588
852703
852785
852840
852924
852934
853122
853312
853405
853531
853557
853562
853603
853730
853773
853795
853829
854004
854125
854232
854275
854395
854426
854602
854830
854916
854939
855060
855067
855098
855112
855237
855326
855339
855422
855447
855556
855557
855747
855910
855969
856249
856346
856396
856528
856550
856586
856612
856779
857029
857031
857140
857221
857406
857521
857667
857748
857833
857939
857969
858259
858274
858283
858323
858367
858909
858951
858972
858996
859036
859191
859307
859311
859336
859369
859798
859875
860259
860321
860322
860373
860384
860457
860496
860543
860699
860706
860712
860772
861014
861030
861200
861404
861410
861539
861628
861876
861891
861955
861959
862124
862182
862188
862242
862253
862288
862306
862447
862669
862729
862838
862842
862923
863151
863300
863471
863947
863965
864006
864064
864086
864234
864296
864361
864526
864590
864674
864729
864821
864901
865008
865148
865310
865350
865487
865543
865643
865647
865670
865755
865804
865809
866152
866325
866368
866500
866554
866594
866640
866731
866791
866801
867051
867193
867447
867492
867746
868090
868331
868394
868433
868577
868663
868818
868880
869039
869051
869101
869277
869320
869367
869383
869471
869608
869822
869989
870050
870076
870148
870285
870350
870389
870401
870452
870749
870770
871139
871191
871292
871293
871557
871666
871692
871710
871721
871782
871951
871955
872145
872212
872284
872538
872639
872953
872973
873079
873180
873316
873367
873379
873443
873580
873738
874164
874172
874386
874391
874415
874534
874593
874754
874856
874985
875002
875027
875064
875119
875129
875253
875361
875367
875391
875460
875649
875687
875736
875795
876011
876056
876130
876136
876566
876608
876666
876793
876863
876899
877143
877183
877269
877602
877714
877724
877727
877797
877930
877960
878000
878109
878143
878206
878220
878335
878373
878487
878578
878610
878707
878737
878778
878834
878954
879021
879045
879078
879214
879440
879488
879634
879684
879686
879704
879952
880020
880216
880250
880329
880474
880607
880668
880751
880760
881040
881057
881359
881365
881821
881870
881899
881903
881937
881954
881993
882005
882134
882173
882276
882592
882669
882673
882791
882802
882870
883028
883154
883174
883311
883394
883434
883453
883612
883727
883743
883799
883945
883960
884187
884290
884299
884363
884520
884561
884618
884737
884738
884859
884888
885301
885361
885363
885465
885668
885757
885793
885964
886052
886109
886339
886408
886423
886441
886441
886621
886869
886955
887069
887091
887243
887442
887453
887526
887736
887748
887859
888082
888225
888231
888266
888285
888321
888345
888394
888395
888716
888825
888849
888880
888933
888983
889099
889133
889753
889810
889830
889860
889913
889950
889969
890275
890288
890292
890325
890403
890454
890584
890875
890996
891090
891202
891437
891445
891493
891589
891662
891837
891934
892006
892203
892226
892411
892649
892698
892753
892975
892986
893191
893331
893459
893514
893542
893547
893644
893661
893678
893851
893878
893980
893992
894094
894124
894361
894411
894412
894421
894433
894468
894476
894546
894621
894749
894796
894860
894951
895009
895107
895290
895301
895399
895652
895826
895850
896088
896281
896313
896404
896480
896582
896648
896711
896809
896905
896928
896960
897034
897115
897307
897507
897520
897675
897737
898112
898202
898321
898428
898486
898508
898597
898625
898715
898870
898902
898910
898931
898960
899051
899111
899182
899238
899239
899432
899463
899487
899561
899626
899717
899877
899940
899962
900131
900134
900195
900395
900404
900464
900613
900698
900834
900861
900992
901027
901236
901250
901406
901417
901477
901480
901567
901593
901606
901676
901705
901740
901750
901766
901821
901908
902041
902069
902115
902120
902129
902179
902192
902239
902290
902374
902410
902481
902533
902574
902725
902977
903038
903052
903068
903154
903226
903256
903278
903287
903386
903418
903424
903435
903498
903523
903540
903550
903699
903802
903802
903844
903859
903987
904007
904055
904152
904204
904213
904352
904360
904368
904474
904487
904631
904661
905109
905167
905249
905421
905498
905509
905683
905729
906023
906025
906119
906168
906269
906450
906493
906547
906598
906621
906676
906846
906881
907039
907060
907178
907299
907458
907504
907793
907851
907904
908045
908093
908134
908313
908610
908626
908717
908739
908743
908874
909085
909142
909445
909461
909540
909621
909668
909701
909719
909732
909851
909948
910148
910153
910154
910192
910224
910279
910525
910808
910833
910887
910935
911079
911123
911128
911270
911318
911433
911466
911575
911584
911810
911831
911938
911941
912297
912458
912484
912496
912608
912625
912682
912691
912753
912798
912884
912893
913057
913062
913157
913387
913780
913811
913939
914218
914309
914565
914582
914622
914686
914692
914822
914895
914898
914983
915150
915232
915261
915327
915371
915651
915734
915774
915840
915864
915917
916071
916132
916160
916206
916221
916241
916620
916897
916903
917063
917156
917225
917268
917302
917425
917465
917542
917768
917890
917908
917978
918160
918176
918538
918541
918562
918619
918658
918691
918735
918766
918932
919098
919105
919164
919224
919269
919302
919303
919445
919481
919592
919666
919676
919858
920120
920122
920297
920438
920453
920521
920589
920651
920678
920725
920756
920820
920846
920859
921069
921209
921344
921607
921638
921644
921715
921720
921900
921916
922117
922128
922147
922451
922543
922682
922690
922693
922986
923040
923066
923122
923416
923432
923806
923874
924027
924074
924168
924290
924319
924349
924386
924445
924467
924609
924672
924841
924871
924957
925082
925124
925147
925250
925255
925269
925305
925766
925949
926034
926111
926140
926181
926294
927027
927238
927437
927687
927748
927752
927753
927774
927784
927803
927824
927942
928036
928066
928460
928552
928620
928705
928842
928842
928980
928988
929119
929175
929303
929313
929634
929687
929820
929836
929862
929869
929939
929993
930023
930065
930308
930325
930414
930587
930622
930626
930730
930807
930888
930898
930984
930996
931049
931065
931140
931188
931279
931410
931596
931814
931925
932027
932053
932057
932335
932362
932624
932695
932774
932842
933053
933086
933101
933320
933330
933404
933405
933441
933452
933526
933531
933640
933643
933665
933740
933797
933797
933815
933845
933926
933976
934056
934134
934235
934243
934308
934466
934579
934663
934714
934886
934924
935108
935139
935267
935285
935297
935306
935362
935391
935483
935660
935672
935874
935941
935975
936240
936245
936271
936428
936488
936568
936677
936812
937127
937186
937369
937405
937413
937421
937518
937527
937597
937665
937740
937913
938023
938031
938280
938290
938308
938378
938680
938932
938940
938959
939186
939272
939283
939671
939699
939852
939937
940050
940095
940104
940183
940272
940352
940391
940517
940546
940602
940607
940679
940776
940779
940845
940935
941149
941242
941384
941393
941526
941575
941611
941619
941620
941657
941797
941928
942053
942095
942109
942113
942262
942391
942444
942447
942515
942673
942676
942743
942772
942894
942916
942955
943172
943178
943185
943186
943257
943278
943315
943318
943339
943428
943606
943615
944162
944290
944307
944353
944479
944506
944622
944762
944785
944793
944836
944855
944857
944868
944915
945040
945040
945050
945572
945572
945708
945772
945780
945941
945950
945989
946261
946282
946402
946436
946629
946667
947059
947329
947571
947651
947727
947732
947766
947790
947853
947872
947881
947951
947958
948015
948226
948301
948333
948409
948446
948449
948546
948551
948657
948710
948812
948870
949127
949266
949437
949472
949607
949837
949880
950061
950095
950199
950268
950359
950387
950399
950415
950441
950453
950570
950604
950719
950788
950826
950890
950891
951069
951083
951258
951301
951426
951456
951468
951484
951555
951556
951576
951665
951666
951808
951869
951881
952035
952106
952126
952263
952485
952678
952690
952757
952930
953173
953268
953294
953409
953426
953571
953721
953811
954029
954093
954303
954395
954397
954495
954588
954822
954933
955151
955154
955318
955497
955509
955526
955680
955772
955826
955860
955883
955929
955947
956115
956158
956167
956330
956409
956425
956535
956538
956611
956880
956946
957142
957193
957355
957360
957435
957542
957714
957802
957874
958148
958158
958175
958177
958483
958493
958511
958626
958656
958742
958752
958767
958817
958820
958881
958897
958979
959099
959141
959162
959172
959204
959228
959247
959596
959764
959862
959960
959960
960460
960627
960769
960891
960950
961053
961061
961223
961275
961316
961388
961572
961613
961728
961904
962106
962214
962539
962574
962656
962660
962799
962994
963152
963157
963410
963473
963569
963657
963739
963866
963874
963954
963997
964029
964122
964243
964335
964421
964422
964432
964608
964690
964717
964754
964919
964945
965030
965070
965340
965343
965390
965416
965440
965549
965625
965638
965717
965755
965789
965825
966155
966163
966221
966400
966649
966797
966859
966891
966981
967093
967116
967295
967566
967566
967800
967824
967928
968291
968326
968355
968400
968417
968507
968680
969024
969087
969148
969181
969358
969389
969450
969473
969510
969566
969767
969796
969827
969923
969953
970084
970494
970688
970794
970863
970873
970921
971168
971219
971345
971407
971658
971790
971808
971815
971889
971907
971912
971927
971948
972047
972071
972457
972701
973062
973118
973126
973144
973161
973222
973269
973388
973390
973503
973504
973656
973683
973805
973822
973826
973940
973959
974133
974240
974319
974416
974418
974428
974643
974654
974725
974737
974766
975008
975144
975175
975522
975570
975751
975826
975845
975876
975942
976600
976694
976760
976768
976773
976794
976813
976868
976956
977193
977380
977444
977761
977901
978036
978122
978162
978174
978344
978371
978399
978538
978565
978817
978850
978919
979131
979345
979461
979599
979852
979857
979989
980026
980117
980206
980240
980279
980335
980346
980351
980536
980558
980733
980751
980765
980874
981104
981131
981136
981144
981233
981273
981322
981362
981574
981587
981811
981813
981838
981940
981997
981998
982431
982536
982540
982577
982612
982661
982675
982783
982912
982931
983565
983594
983752
983805
983819
983970
984493
984603
984628
984676
984712
984832
984884
984914
984927
985042
985190
985332
985353
985593
985927
985933
985959
986028
986057
986076
986103
986115
986142
986305
986424
986447
986467
986513
986586
986612
986650
986692
986730
986892
986932
986952
987262
987297
987305
987581
987791
987797
987941
987953
988161
988281
988359
988385
988529
988613
988716
988927
989232
989525
989526
989533
989638
989684
989759
989789
989820
990047
990051
990080
990083
990118
990270
990277
990345
990540
990618
990735
990796
990815
991308
991343
991353
991395
991490
991561
991613
991663
991679
991692
991943
991985
992084
992109
992114
992217
992245
992247
992254
992332
992419
992542
992611
992613
992684
992719
992732
992801
992862
992893
992897
992998
992999
993003
993147
993172
993271
993317
993509
993565
993621
993650
993745
994063
994158
994372
994376
994634
994844
994884
994905
995023
995103
995145
995217
995248
995529
995632
995683
995709
995750
995948
996028
996292
996320
996329
996458
996547
996549
996646
996894
996949
997057
997252
997438
997452
997563
997586
997589
997733
997789
997797
997846
997887
997932
998195
998388
998534
998581
998593
998609
998638
998829
998907
999020
999297
999305
999306
999311
999375
999436
999443
999479
999480
999509
999596
999683
999835
999887
